gs://bugoff-bucket1/hinton/Insecta/GenusSpecies/Agriotes/apicalis/Agriotes-apicalis-2943425.jpg,apicalis
gs://bugoff-bucket1/hinton/Insecta/GenusSpecies/Agriotes/collaris/Agriotes-collaris-3109167.jpg,collaris
gs://bugoff-bucket1/hinton/Insecta/GenusSpecies/Agriotes/desmarestii/Agriotes-desmarestii-6032043.jpg,desmarestii
gs://bugoff-bucket1/hinton/Insecta/GenusSpecies/Agriotes/fucosus/Agriotes-fucosus-1944329.jpg,fucosus
gs://bugoff-bucket1/hinton/Insecta/GenusSpecies/Agriotes/fucosus/Agriotes-fucosus-7391560.jpg,fucosus
gs://bugoff-bucket1/hinton/Insecta/GenusSpecies/Agriotes/fuscicollis/Agriotes-fuscicollis-1904462.jpg,fuscicollis
gs://bugoff-bucket1/hinton/Insecta/GenusSpecies/Agriotes/gallicus/Agriotes-gallicus-2211540.jpg,gallicus
gs://bugoff-bucket1/hinton/Insecta/GenusSpecies/Agriotes/lineatus/Agriotes-lineatus-2943496.jpg,lineatus
gs://bugoff-bucket1/hinton/Insecta/GenusSpecies/Agriotes/lineatus/Agriotes-lineatus-3439523.jpg,lineatus
gs://bugoff-bucket1/hinton/Insecta/GenusSpecies/Agriotes/lineatus/Agriotes-lineatus-3712652.jpg,lineatus
gs://bugoff-bucket1/hinton/Insecta/GenusSpecies/Agriotes/lineatus/Agriotes-lineatus-4951922.jpg,lineatus
gs://bugoff-bucket1/hinton/Insecta/GenusSpecies/Agriotes/lineatus/Agriotes-lineatus-6918885.jpg,lineatus
gs://bugoff-bucket1/hinton/Insecta/GenusSpecies/Agriotes/lineatus/Agriotes-lineatus-7768845.jpg,lineatus
gs://bugoff-bucket1/hinton/Insecta/GenusSpecies/Agriotes/lineatus/Agriotes-lineatus-7848215.jpg,lineatus
gs://bugoff-bucket1/hinton/Insecta/GenusSpecies/Agriotes/lineatus/Agriotes-lineatus-7848255.jpg,lineatus
gs://bugoff-bucket1/hinton/Insecta/GenusSpecies/Agriotes/lineatus/Agriotes-lineatus-7918440.jpg,lineatus
gs://bugoff-bucket1/hinton/Insecta/GenusSpecies/Agriotes/lineatus/Agriotes-lineatus-7927863.jpg,lineatus
gs://bugoff-bucket1/hinton/Insecta/GenusSpecies/Agriotes/pallidulus/Agriotes-pallidulus-7728017.jpg,pallidulus
gs://bugoff-bucket1/hinton/Insecta/GenusSpecies/Agriotes/pallidulus/Agriotes-pallidulus-7871160.jpg,pallidulus
gs://bugoff-bucket1/hinton/Insecta/GenusSpecies/Agriotes/pilosellus/Agriotes-pilosellus-3639063.jpg,pilosellus
gs://bugoff-bucket1/hinton/Insecta/GenusSpecies/Agriotes/pilosellus/Agriotes-pilosellus-7922781.jpg,pilosellus
gs://bugoff-bucket1/hinton/Insecta/GenusSpecies/Agriotes/ustulatus/Agriotes-ustulatus-4144972.jpg,ustulatus
gs://bugoff-bucket1/hinton/Insecta/GenusSpecies/Agriotes/ustulatus/Agriotes-ustulatus-4361876.jpg,ustulatus
gs://bugoff-bucket1/hinton/Insecta/GenusSpecies/Agrypnus/argillaceus/Agrypnus-argillaceus-7627933.jpg,argillaceus
gs://bugoff-bucket1/hinton/Insecta/GenusSpecies/Agrypnus/murina/Agrypnus-murina-1659329.jpg,murina
gs://bugoff-bucket1/hinton/Insecta/GenusSpecies/Agrypnus/murina/Agrypnus-murina-1803690.jpg,murina
gs://bugoff-bucket1/hinton/Insecta/GenusSpecies/Agrypnus/murina/Agrypnus-murina-2018821.jpg,murina
gs://bugoff-bucket1/hinton/Insecta/GenusSpecies/Agrypnus/murina/Agrypnus-murina-3383471.jpg,murina
gs://bugoff-bucket1/hinton/Insecta/GenusSpecies/Agrypnus/murina/Agrypnus-murina-3550979.jpg,murina
gs://bugoff-bucket1/hinton/Insecta/GenusSpecies/Agrypnus/murina/Agrypnus-murina-3676940.jpg,murina
gs://bugoff-bucket1/hinton/Insecta/GenusSpecies/Agrypnus/murina/Agrypnus-murina-3890958.jpg,murina
gs://bugoff-bucket1/hinton/Insecta/GenusSpecies/Agrypnus/murina/Agrypnus-murina-4060117.jpg,murina
gs://bugoff-bucket1/hinton/Insecta/GenusSpecies/Agrypnus/murina/Agrypnus-murina-4488059.jpg,murina
gs://bugoff-bucket1/hinton/Insecta/GenusSpecies/Agrypnus/murinus/Agrypnus-murinus-3712649.jpg,murinus
gs://bugoff-bucket1/hinton/Insecta/GenusSpecies/Agrypnus/murinus/Agrypnus-murinus-3810969.jpg,murinus
gs://bugoff-bucket1/hinton/Insecta/GenusSpecies/Agrypnus/murinus/Agrypnus-murinus-3990193.jpg,murinus
gs://bugoff-bucket1/hinton/Insecta/GenusSpecies/Agrypnus/murinus/Agrypnus-murinus-5264656.jpg,murinus
gs://bugoff-bucket1/hinton/Insecta/GenusSpecies/Agrypnus/murinus/Agrypnus-murinus-5803836.jpg,murinus
gs://bugoff-bucket1/hinton/Insecta/GenusSpecies/Agrypnus/murinus/Agrypnus-murinus-6855707.jpg,murinus
gs://bugoff-bucket1/hinton/Insecta/GenusSpecies/Agrypnus/murinus/Agrypnus-murinus-7344821.jpg,murinus
gs://bugoff-bucket1/hinton/Insecta/GenusSpecies/Agrypnus/murinus/Agrypnus-murinus-7515817.jpg,murinus
gs://bugoff-bucket1/hinton/Insecta/GenusSpecies/Agrypnus/murinus/Agrypnus-murinus-7563108.jpg,murinus
gs://bugoff-bucket1/hinton/Insecta/GenusSpecies/Agrypnus/murinus/Agrypnus-murinus-7564333.jpg,murinus
gs://bugoff-bucket1/hinton/Insecta/GenusSpecies/Agrypnus/murinus/Agrypnus-murinus-7667910.jpg,murinus
gs://bugoff-bucket1/hinton/Insecta/GenusSpecies/Agrypnus/murinus/Agrypnus-murinus-7691344.jpg,murinus
gs://bugoff-bucket1/hinton/Insecta/GenusSpecies/Agrypnus/murinus/Agrypnus-murinus-7775755.jpg,murinus
gs://bugoff-bucket1/hinton/Insecta/GenusSpecies/Agrypnus/murinus/Agrypnus-murinus-7869673.jpg,murinus
gs://bugoff-bucket1/hinton/Insecta/GenusSpecies/Agrypnus/murinus/Agrypnus-murinus-7922541.jpg,murinus
gs://bugoff-bucket1/hinton/Insecta/GenusSpecies/Agrypnus/murinus/Agrypnus-murinus-7995898.jpg,murinus
gs://bugoff-bucket1/hinton/Insecta/GenusSpecies/Agrypnus/murinus/Agrypnus-murinus-7998094.jpg,murinus
gs://bugoff-bucket1/hinton/Insecta/GenusSpecies/Agrypnus/rectangularis/Agrypnus-rectangularis-2602614.jpg,rectangularis
gs://bugoff-bucket1/hinton/Insecta/GenusSpecies/Agrypnus/variabilis/Agrypnus-variabilis-1183130.jpg,variabilis
gs://bugoff-bucket1/hinton/Insecta/GenusSpecies/Agrypnus/variabilis/Agrypnus-variabilis-1882956.jpg,variabilis
gs://bugoff-bucket1/hinton/Insecta/GenusSpecies/Agrypnus/variabilis/Agrypnus-variabilis-2050676.jpg,variabilis
gs://bugoff-bucket1/hinton/Insecta/GenusSpecies/Agrypnus/variabilis/Agrypnus-variabilis-2490558.jpg,variabilis
gs://bugoff-bucket1/hinton/Insecta/GenusSpecies/Agrypnus/variabilis/Agrypnus-variabilis-2816412.jpg,variabilis
gs://bugoff-bucket1/hinton/Insecta/GenusSpecies/Agrypnus/variabilis/Agrypnus-variabilis-3270693.jpg,variabilis
gs://bugoff-bucket1/hinton/Insecta/GenusSpecies/Agrypnus/variabilis/Agrypnus-variabilis-4606937.jpg,variabilis
gs://bugoff-bucket1/hinton/Insecta/GenusSpecies/Agrypnus/variabilis/Agrypnus-variabilis-5604531.jpg,variabilis
gs://bugoff-bucket1/hinton/Insecta/GenusSpecies/Alaus/havaniensis/Alaus-havaniensis-4457285.jpg,havaniensis
gs://bugoff-bucket1/hinton/Insecta/GenusSpecies/Alaus/lusciosus/Alaus-lusciosus-1978383.jpg,lusciosus
gs://bugoff-bucket1/hinton/Insecta/GenusSpecies/Alaus/lusciosus/Alaus-lusciosus-2015386.jpg,lusciosus
gs://bugoff-bucket1/hinton/Insecta/GenusSpecies/Alaus/lusciosus/Alaus-lusciosus-2200184.jpg,lusciosus
gs://bugoff-bucket1/hinton/Insecta/GenusSpecies/Alaus/lusciosus/Alaus-lusciosus-2295153.jpg,lusciosus
gs://bugoff-bucket1/hinton/Insecta/GenusSpecies/Alaus/lusciosus/Alaus-lusciosus-2374847.jpg,lusciosus
gs://bugoff-bucket1/hinton/Insecta/GenusSpecies/Alaus/lusciosus/Alaus-lusciosus-3140831.jpg,lusciosus
gs://bugoff-bucket1/hinton/Insecta/GenusSpecies/Alaus/lusciosus/Alaus-lusciosus-3299313.jpg,lusciosus
gs://bugoff-bucket1/hinton/Insecta/GenusSpecies/Alaus/lusciosus/Alaus-lusciosus-3327874.jpg,lusciosus
gs://bugoff-bucket1/hinton/Insecta/GenusSpecies/Alaus/lusciosus/Alaus-lusciosus-3445943.jpg,lusciosus
gs://bugoff-bucket1/hinton/Insecta/GenusSpecies/Alaus/lusciosus/Alaus-lusciosus-3486237.jpg,lusciosus
gs://bugoff-bucket1/hinton/Insecta/GenusSpecies/Alaus/lusciosus/Alaus-lusciosus-3491936.jpg,lusciosus
gs://bugoff-bucket1/hinton/Insecta/GenusSpecies/Alaus/lusciosus/Alaus-lusciosus-3697611.jpg,lusciosus
gs://bugoff-bucket1/hinton/Insecta/GenusSpecies/Alaus/lusciosus/Alaus-lusciosus-3760027.jpg,lusciosus
gs://bugoff-bucket1/hinton/Insecta/GenusSpecies/Alaus/lusciosus/Alaus-lusciosus-3766085.jpg,lusciosus
gs://bugoff-bucket1/hinton/Insecta/GenusSpecies/Alaus/lusciosus/Alaus-lusciosus-3774800.jpg,lusciosus
gs://bugoff-bucket1/hinton/Insecta/GenusSpecies/Alaus/lusciosus/Alaus-lusciosus-3815986.jpg,lusciosus
gs://bugoff-bucket1/hinton/Insecta/GenusSpecies/Alaus/lusciosus/Alaus-lusciosus-4062951.jpg,lusciosus
gs://bugoff-bucket1/hinton/Insecta/GenusSpecies/Alaus/lusciosus/Alaus-lusciosus-4120037.jpg,lusciosus
gs://bugoff-bucket1/hinton/Insecta/GenusSpecies/Alaus/lusciosus/Alaus-lusciosus-4286432.jpg,lusciosus
gs://bugoff-bucket1/hinton/Insecta/GenusSpecies/Alaus/lusciosus/Alaus-lusciosus-4298286.jpg,lusciosus
gs://bugoff-bucket1/hinton/Insecta/GenusSpecies/Alaus/lusciosus/Alaus-lusciosus-4307952.jpg,lusciosus
gs://bugoff-bucket1/hinton/Insecta/GenusSpecies/Alaus/lusciosus/Alaus-lusciosus-4402350.jpg,lusciosus
gs://bugoff-bucket1/hinton/Insecta/GenusSpecies/Alaus/lusciosus/Alaus-lusciosus-4436255.jpg,lusciosus
gs://bugoff-bucket1/hinton/Insecta/GenusSpecies/Alaus/lusciosus/Alaus-lusciosus-4592735.jpg,lusciosus
gs://bugoff-bucket1/hinton/Insecta/GenusSpecies/Alaus/lusciosus/Alaus-lusciosus-4614093.jpg,lusciosus
gs://bugoff-bucket1/hinton/Insecta/GenusSpecies/Alaus/lusciosus/Alaus-lusciosus-4692231.jpg,lusciosus
gs://bugoff-bucket1/hinton/Insecta/GenusSpecies/Alaus/lusciosus/Alaus-lusciosus-503856.jpg,lusciosus
gs://bugoff-bucket1/hinton/Insecta/GenusSpecies/Alaus/lusciosus/Alaus-lusciosus-6045065.jpg,lusciosus
gs://bugoff-bucket1/hinton/Insecta/GenusSpecies/Alaus/lusciosus/Alaus-lusciosus-6113761.jpg,lusciosus
gs://bugoff-bucket1/hinton/Insecta/GenusSpecies/Alaus/lusciosus/Alaus-lusciosus-6845825.jpg,lusciosus
gs://bugoff-bucket1/hinton/Insecta/GenusSpecies/Alaus/lusciosus/Alaus-lusciosus-6866934.jpg,lusciosus
gs://bugoff-bucket1/hinton/Insecta/GenusSpecies/Alaus/lusciosus/Alaus-lusciosus-6942844.jpg,lusciosus
gs://bugoff-bucket1/hinton/Insecta/GenusSpecies/Alaus/lusciosus/Alaus-lusciosus-6959439.jpg,lusciosus
gs://bugoff-bucket1/hinton/Insecta/GenusSpecies/Alaus/lusciosus/Alaus-lusciosus-6964398.jpg,lusciosus
gs://bugoff-bucket1/hinton/Insecta/GenusSpecies/Alaus/lusciosus/Alaus-lusciosus-6997890.jpg,lusciosus
gs://bugoff-bucket1/hinton/Insecta/GenusSpecies/Alaus/lusciosus/Alaus-lusciosus-7031094.jpg,lusciosus
gs://bugoff-bucket1/hinton/Insecta/GenusSpecies/Alaus/lusciosus/Alaus-lusciosus-7078492.jpg,lusciosus
gs://bugoff-bucket1/hinton/Insecta/GenusSpecies/Alaus/lusciosus/Alaus-lusciosus-7100176.jpg,lusciosus
gs://bugoff-bucket1/hinton/Insecta/GenusSpecies/Alaus/lusciosus/Alaus-lusciosus-7100182.jpg,lusciosus
gs://bugoff-bucket1/hinton/Insecta/GenusSpecies/Alaus/lusciosus/Alaus-lusciosus-7107523.jpg,lusciosus
gs://bugoff-bucket1/hinton/Insecta/GenusSpecies/Alaus/lusciosus/Alaus-lusciosus-7135361.jpg,lusciosus
gs://bugoff-bucket1/hinton/Insecta/GenusSpecies/Alaus/lusciosus/Alaus-lusciosus-7177306.jpg,lusciosus
gs://bugoff-bucket1/hinton/Insecta/GenusSpecies/Alaus/lusciosus/Alaus-lusciosus-7194532.jpg,lusciosus
gs://bugoff-bucket1/hinton/Insecta/GenusSpecies/Alaus/lusciosus/Alaus-lusciosus-7214578.jpg,lusciosus
gs://bugoff-bucket1/hinton/Insecta/GenusSpecies/Alaus/lusciosus/Alaus-lusciosus-7240802.jpg,lusciosus
gs://bugoff-bucket1/hinton/Insecta/GenusSpecies/Alaus/lusciosus/Alaus-lusciosus-7267899.jpg,lusciosus
gs://bugoff-bucket1/hinton/Insecta/GenusSpecies/Alaus/lusciosus/Alaus-lusciosus-7296843.jpg,lusciosus
gs://bugoff-bucket1/hinton/Insecta/GenusSpecies/Alaus/lusciosus/Alaus-lusciosus-7354363.jpg,lusciosus
gs://bugoff-bucket1/hinton/Insecta/GenusSpecies/Alaus/lusciosus/Alaus-lusciosus-7502640.jpg,lusciosus
gs://bugoff-bucket1/hinton/Insecta/GenusSpecies/Alaus/lusciosus/Alaus-lusciosus-7565424.jpg,lusciosus
gs://bugoff-bucket1/hinton/Insecta/GenusSpecies/Alaus/lusciosus/Alaus-lusciosus-7582751.jpg,lusciosus
gs://bugoff-bucket1/hinton/Insecta/GenusSpecies/Alaus/lusciosus/Alaus-lusciosus-7598167.jpg,lusciosus
gs://bugoff-bucket1/hinton/Insecta/GenusSpecies/Alaus/lusciosus/Alaus-lusciosus-7599422.jpg,lusciosus
gs://bugoff-bucket1/hinton/Insecta/GenusSpecies/Alaus/lusciosus/Alaus-lusciosus-7625845.jpg,lusciosus
gs://bugoff-bucket1/hinton/Insecta/GenusSpecies/Alaus/lusciosus/Alaus-lusciosus-7659179.jpg,lusciosus
gs://bugoff-bucket1/hinton/Insecta/GenusSpecies/Alaus/lusciosus/Alaus-lusciosus-7664001.jpg,lusciosus
gs://bugoff-bucket1/hinton/Insecta/GenusSpecies/Alaus/lusciosus/Alaus-lusciosus-7694324.jpg,lusciosus
gs://bugoff-bucket1/hinton/Insecta/GenusSpecies/Alaus/lusciosus/Alaus-lusciosus-7701388.jpg,lusciosus
gs://bugoff-bucket1/hinton/Insecta/GenusSpecies/Alaus/lusciosus/Alaus-lusciosus-7726896.jpg,lusciosus
gs://bugoff-bucket1/hinton/Insecta/GenusSpecies/Alaus/lusciosus/Alaus-lusciosus-7739041.jpg,lusciosus
gs://bugoff-bucket1/hinton/Insecta/GenusSpecies/Alaus/lusciosus/Alaus-lusciosus-7782351.jpg,lusciosus
gs://bugoff-bucket1/hinton/Insecta/GenusSpecies/Alaus/lusciosus/Alaus-lusciosus-7783018.jpg,lusciosus
gs://bugoff-bucket1/hinton/Insecta/GenusSpecies/Alaus/lusciosus/Alaus-lusciosus-7797942.jpg,lusciosus
gs://bugoff-bucket1/hinton/Insecta/GenusSpecies/Alaus/lusciosus/Alaus-lusciosus-7854740.jpg,lusciosus
gs://bugoff-bucket1/hinton/Insecta/GenusSpecies/Alaus/lusciosus/Alaus-lusciosus-799039.jpg,lusciosus
gs://bugoff-bucket1/hinton/Insecta/GenusSpecies/Alaus/melanops/Alaus-melanops-1887050.jpg,melanops
gs://bugoff-bucket1/hinton/Insecta/GenusSpecies/Alaus/melanops/Alaus-melanops-205417.jpg,melanops
gs://bugoff-bucket1/hinton/Insecta/GenusSpecies/Alaus/melanops/Alaus-melanops-338376.jpg,melanops
gs://bugoff-bucket1/hinton/Insecta/GenusSpecies/Alaus/melanops/Alaus-melanops-4006255.jpg,melanops
gs://bugoff-bucket1/hinton/Insecta/GenusSpecies/Alaus/melanops/Alaus-melanops-4084685.jpg,melanops
gs://bugoff-bucket1/hinton/Insecta/GenusSpecies/Alaus/melanops/Alaus-melanops-4192365.jpg,melanops
gs://bugoff-bucket1/hinton/Insecta/GenusSpecies/Alaus/melanops/Alaus-melanops-4213965.jpg,melanops
gs://bugoff-bucket1/hinton/Insecta/GenusSpecies/Alaus/melanops/Alaus-melanops-4335648.jpg,melanops
gs://bugoff-bucket1/hinton/Insecta/GenusSpecies/Alaus/melanops/Alaus-melanops-4519453.jpg,melanops
gs://bugoff-bucket1/hinton/Insecta/GenusSpecies/Alaus/melanops/Alaus-melanops-479468.jpg,melanops
gs://bugoff-bucket1/hinton/Insecta/GenusSpecies/Alaus/melanops/Alaus-melanops-6261221.jpg,melanops
gs://bugoff-bucket1/hinton/Insecta/GenusSpecies/Alaus/melanops/Alaus-melanops-6585644.jpg,melanops
gs://bugoff-bucket1/hinton/Insecta/GenusSpecies/Alaus/melanops/Alaus-melanops-7633966.jpg,melanops
gs://bugoff-bucket1/hinton/Insecta/GenusSpecies/Alaus/melanops/Alaus-melanops-7673217.jpg,melanops
gs://bugoff-bucket1/hinton/Insecta/GenusSpecies/Alaus/melanops/Alaus-melanops-7988360.jpg,melanops
gs://bugoff-bucket1/hinton/Insecta/GenusSpecies/Alaus/myops/Alaus-myops-1878454.jpg,myops
gs://bugoff-bucket1/hinton/Insecta/GenusSpecies/Alaus/myops/Alaus-myops-3115573.jpg,myops
gs://bugoff-bucket1/hinton/Insecta/GenusSpecies/Alaus/myops/Alaus-myops-3549386.jpg,myops
gs://bugoff-bucket1/hinton/Insecta/GenusSpecies/Alaus/myops/Alaus-myops-3569159.jpg,myops
gs://bugoff-bucket1/hinton/Insecta/GenusSpecies/Alaus/myops/Alaus-myops-3745768.jpg,myops
gs://bugoff-bucket1/hinton/Insecta/GenusSpecies/Alaus/myops/Alaus-myops-3870242.jpg,myops
gs://bugoff-bucket1/hinton/Insecta/GenusSpecies/Alaus/myops/Alaus-myops-3889836.jpg,myops
gs://bugoff-bucket1/hinton/Insecta/GenusSpecies/Alaus/myops/Alaus-myops-4019135.jpg,myops
gs://bugoff-bucket1/hinton/Insecta/GenusSpecies/Alaus/myops/Alaus-myops-4105661.jpg,myops
gs://bugoff-bucket1/hinton/Insecta/GenusSpecies/Alaus/myops/Alaus-myops-4156280.jpg,myops
gs://bugoff-bucket1/hinton/Insecta/GenusSpecies/Alaus/myops/Alaus-myops-4468479.jpg,myops
gs://bugoff-bucket1/hinton/Insecta/GenusSpecies/Alaus/myops/Alaus-myops-4490754.jpg,myops
gs://bugoff-bucket1/hinton/Insecta/GenusSpecies/Alaus/myops/Alaus-myops-4491390.jpg,myops
gs://bugoff-bucket1/hinton/Insecta/GenusSpecies/Alaus/myops/Alaus-myops-4564012.jpg,myops
gs://bugoff-bucket1/hinton/Insecta/GenusSpecies/Alaus/myops/Alaus-myops-5253839.jpg,myops
gs://bugoff-bucket1/hinton/Insecta/GenusSpecies/Alaus/myops/Alaus-myops-5278877.jpg,myops
gs://bugoff-bucket1/hinton/Insecta/GenusSpecies/Alaus/myops/Alaus-myops-5780973.jpg,myops
gs://bugoff-bucket1/hinton/Insecta/GenusSpecies/Alaus/myops/Alaus-myops-6236695.jpg,myops
gs://bugoff-bucket1/hinton/Insecta/GenusSpecies/Alaus/myops/Alaus-myops-6842059.jpg,myops
gs://bugoff-bucket1/hinton/Insecta/GenusSpecies/Alaus/myops/Alaus-myops-6882817.jpg,myops
gs://bugoff-bucket1/hinton/Insecta/GenusSpecies/Alaus/myops/Alaus-myops-7021853.jpg,myops
gs://bugoff-bucket1/hinton/Insecta/GenusSpecies/Alaus/myops/Alaus-myops-7025317.jpg,myops
gs://bugoff-bucket1/hinton/Insecta/GenusSpecies/Alaus/myops/Alaus-myops-7231574.jpg,myops
gs://bugoff-bucket1/hinton/Insecta/GenusSpecies/Alaus/myops/Alaus-myops-7348624.jpg,myops
gs://bugoff-bucket1/hinton/Insecta/GenusSpecies/Alaus/myops/Alaus-myops-7464221.jpg,myops
gs://bugoff-bucket1/hinton/Insecta/GenusSpecies/Alaus/myops/Alaus-myops-7535314.jpg,myops
gs://bugoff-bucket1/hinton/Insecta/GenusSpecies/Alaus/myops/Alaus-myops-7552212.jpg,myops
gs://bugoff-bucket1/hinton/Insecta/GenusSpecies/Alaus/myops/Alaus-myops-7553129.jpg,myops
gs://bugoff-bucket1/hinton/Insecta/GenusSpecies/Alaus/myops/Alaus-myops-7553188.jpg,myops
gs://bugoff-bucket1/hinton/Insecta/GenusSpecies/Alaus/myops/Alaus-myops-7576590.jpg,myops
gs://bugoff-bucket1/hinton/Insecta/GenusSpecies/Alaus/myops/Alaus-myops-766169.jpg,myops
gs://bugoff-bucket1/hinton/Insecta/GenusSpecies/Alaus/myops/Alaus-myops-7671730.jpg,myops
gs://bugoff-bucket1/hinton/Insecta/GenusSpecies/Alaus/oculatus/Alaus-oculatus-1006439.jpg,oculatus
gs://bugoff-bucket1/hinton/Insecta/GenusSpecies/Alaus/oculatus/Alaus-oculatus-1020680.jpg,oculatus
gs://bugoff-bucket1/hinton/Insecta/GenusSpecies/Alaus/oculatus/Alaus-oculatus-1043205.jpg,oculatus
gs://bugoff-bucket1/hinton/Insecta/GenusSpecies/Alaus/oculatus/Alaus-oculatus-1045757.jpg,oculatus
gs://bugoff-bucket1/hinton/Insecta/GenusSpecies/Alaus/oculatus/Alaus-oculatus-1069292.jpg,oculatus
gs://bugoff-bucket1/hinton/Insecta/GenusSpecies/Alaus/oculatus/Alaus-oculatus-1081991.jpg,oculatus
gs://bugoff-bucket1/hinton/Insecta/GenusSpecies/Alaus/oculatus/Alaus-oculatus-1087919.jpg,oculatus
gs://bugoff-bucket1/hinton/Insecta/GenusSpecies/Alaus/oculatus/Alaus-oculatus-1090838.jpg,oculatus
gs://bugoff-bucket1/hinton/Insecta/GenusSpecies/Alaus/oculatus/Alaus-oculatus-1176742.jpg,oculatus
gs://bugoff-bucket1/hinton/Insecta/GenusSpecies/Alaus/oculatus/Alaus-oculatus-122309.jpg,oculatus
gs://bugoff-bucket1/hinton/Insecta/GenusSpecies/Alaus/oculatus/Alaus-oculatus-123984.jpg,oculatus
gs://bugoff-bucket1/hinton/Insecta/GenusSpecies/Alaus/oculatus/Alaus-oculatus-124090.jpg,oculatus
gs://bugoff-bucket1/hinton/Insecta/GenusSpecies/Alaus/oculatus/Alaus-oculatus-126007.jpg,oculatus
gs://bugoff-bucket1/hinton/Insecta/GenusSpecies/Alaus/oculatus/Alaus-oculatus-1294969.jpg,oculatus
gs://bugoff-bucket1/hinton/Insecta/GenusSpecies/Alaus/oculatus/Alaus-oculatus-130122.jpg,oculatus
gs://bugoff-bucket1/hinton/Insecta/GenusSpecies/Alaus/oculatus/Alaus-oculatus-130730.jpg,oculatus
gs://bugoff-bucket1/hinton/Insecta/GenusSpecies/Alaus/oculatus/Alaus-oculatus-131450.jpg,oculatus
gs://bugoff-bucket1/hinton/Insecta/GenusSpecies/Alaus/oculatus/Alaus-oculatus-1392075.jpg,oculatus
gs://bugoff-bucket1/hinton/Insecta/GenusSpecies/Alaus/oculatus/Alaus-oculatus-142875.jpg,oculatus
gs://bugoff-bucket1/hinton/Insecta/GenusSpecies/Alaus/oculatus/Alaus-oculatus-1490675.jpg,oculatus
gs://bugoff-bucket1/hinton/Insecta/GenusSpecies/Alaus/oculatus/Alaus-oculatus-1535489.jpg,oculatus
gs://bugoff-bucket1/hinton/Insecta/GenusSpecies/Alaus/oculatus/Alaus-oculatus-1545667.jpg,oculatus
gs://bugoff-bucket1/hinton/Insecta/GenusSpecies/Alaus/oculatus/Alaus-oculatus-1571493.jpg,oculatus
gs://bugoff-bucket1/hinton/Insecta/GenusSpecies/Alaus/oculatus/Alaus-oculatus-1631230.jpg,oculatus
gs://bugoff-bucket1/hinton/Insecta/GenusSpecies/Alaus/oculatus/Alaus-oculatus-1719658.jpg,oculatus
gs://bugoff-bucket1/hinton/Insecta/GenusSpecies/Alaus/oculatus/Alaus-oculatus-1727032.jpg,oculatus
gs://bugoff-bucket1/hinton/Insecta/GenusSpecies/Alaus/oculatus/Alaus-oculatus-1732493.jpg,oculatus
gs://bugoff-bucket1/hinton/Insecta/GenusSpecies/Alaus/oculatus/Alaus-oculatus-1733450.jpg,oculatus
gs://bugoff-bucket1/hinton/Insecta/GenusSpecies/Alaus/oculatus/Alaus-oculatus-180719.jpg,oculatus
gs://bugoff-bucket1/hinton/Insecta/GenusSpecies/Alaus/oculatus/Alaus-oculatus-1814956.jpg,oculatus
gs://bugoff-bucket1/hinton/Insecta/GenusSpecies/Alaus/oculatus/Alaus-oculatus-1817588.jpg,oculatus
gs://bugoff-bucket1/hinton/Insecta/GenusSpecies/Alaus/oculatus/Alaus-oculatus-1818389.jpg,oculatus
gs://bugoff-bucket1/hinton/Insecta/GenusSpecies/Alaus/oculatus/Alaus-oculatus-1820265.jpg,oculatus
gs://bugoff-bucket1/hinton/Insecta/GenusSpecies/Alaus/oculatus/Alaus-oculatus-1831546.jpg,oculatus
gs://bugoff-bucket1/hinton/Insecta/GenusSpecies/Alaus/oculatus/Alaus-oculatus-1841536.jpg,oculatus
gs://bugoff-bucket1/hinton/Insecta/GenusSpecies/Alaus/oculatus/Alaus-oculatus-1841998.jpg,oculatus
gs://bugoff-bucket1/hinton/Insecta/GenusSpecies/Alaus/oculatus/Alaus-oculatus-1859520.jpg,oculatus
gs://bugoff-bucket1/hinton/Insecta/GenusSpecies/Alaus/oculatus/Alaus-oculatus-1873212.jpg,oculatus
gs://bugoff-bucket1/hinton/Insecta/GenusSpecies/Alaus/oculatus/Alaus-oculatus-1874376.jpg,oculatus
gs://bugoff-bucket1/hinton/Insecta/GenusSpecies/Alaus/oculatus/Alaus-oculatus-1883169.jpg,oculatus
gs://bugoff-bucket1/hinton/Insecta/GenusSpecies/Alaus/oculatus/Alaus-oculatus-1886125.jpg,oculatus
gs://bugoff-bucket1/hinton/Insecta/GenusSpecies/Alaus/oculatus/Alaus-oculatus-1903717.jpg,oculatus
gs://bugoff-bucket1/hinton/Insecta/GenusSpecies/Alaus/oculatus/Alaus-oculatus-1908296.jpg,oculatus
gs://bugoff-bucket1/hinton/Insecta/GenusSpecies/Alaus/oculatus/Alaus-oculatus-1922166.jpg,oculatus
gs://bugoff-bucket1/hinton/Insecta/GenusSpecies/Alaus/oculatus/Alaus-oculatus-1937055.jpg,oculatus
gs://bugoff-bucket1/hinton/Insecta/GenusSpecies/Alaus/oculatus/Alaus-oculatus-1937185.jpg,oculatus
gs://bugoff-bucket1/hinton/Insecta/GenusSpecies/Alaus/oculatus/Alaus-oculatus-1943383.jpg,oculatus
gs://bugoff-bucket1/hinton/Insecta/GenusSpecies/Alaus/oculatus/Alaus-oculatus-1946126.jpg,oculatus
gs://bugoff-bucket1/hinton/Insecta/GenusSpecies/Alaus/oculatus/Alaus-oculatus-1947917.jpg,oculatus
gs://bugoff-bucket1/hinton/Insecta/GenusSpecies/Alaus/oculatus/Alaus-oculatus-1950337.jpg,oculatus
gs://bugoff-bucket1/hinton/Insecta/GenusSpecies/Alaus/oculatus/Alaus-oculatus-1950538.jpg,oculatus
gs://bugoff-bucket1/hinton/Insecta/GenusSpecies/Alaus/oculatus/Alaus-oculatus-1955878.jpg,oculatus
gs://bugoff-bucket1/hinton/Insecta/GenusSpecies/Alaus/oculatus/Alaus-oculatus-1962006.jpg,oculatus
gs://bugoff-bucket1/hinton/Insecta/GenusSpecies/Alaus/oculatus/Alaus-oculatus-1968519.jpg,oculatus
gs://bugoff-bucket1/hinton/Insecta/GenusSpecies/Alaus/oculatus/Alaus-oculatus-1972987.jpg,oculatus
gs://bugoff-bucket1/hinton/Insecta/GenusSpecies/Alaus/oculatus/Alaus-oculatus-1990427.jpg,oculatus
gs://bugoff-bucket1/hinton/Insecta/GenusSpecies/Alaus/oculatus/Alaus-oculatus-1991821.jpg,oculatus
gs://bugoff-bucket1/hinton/Insecta/GenusSpecies/Alaus/oculatus/Alaus-oculatus-1996607.jpg,oculatus
gs://bugoff-bucket1/hinton/Insecta/GenusSpecies/Alaus/oculatus/Alaus-oculatus-2001580.jpg,oculatus
gs://bugoff-bucket1/hinton/Insecta/GenusSpecies/Alaus/oculatus/Alaus-oculatus-2006406.jpg,oculatus
gs://bugoff-bucket1/hinton/Insecta/GenusSpecies/Alaus/oculatus/Alaus-oculatus-2011398.jpg,oculatus
gs://bugoff-bucket1/hinton/Insecta/GenusSpecies/Alaus/oculatus/Alaus-oculatus-2014420.jpg,oculatus
gs://bugoff-bucket1/hinton/Insecta/GenusSpecies/Alaus/oculatus/Alaus-oculatus-2021952.jpg,oculatus
gs://bugoff-bucket1/hinton/Insecta/GenusSpecies/Alaus/oculatus/Alaus-oculatus-2027969.jpg,oculatus
gs://bugoff-bucket1/hinton/Insecta/GenusSpecies/Alaus/oculatus/Alaus-oculatus-2047554.jpg,oculatus
gs://bugoff-bucket1/hinton/Insecta/GenusSpecies/Alaus/oculatus/Alaus-oculatus-2068264.jpg,oculatus
gs://bugoff-bucket1/hinton/Insecta/GenusSpecies/Alaus/oculatus/Alaus-oculatus-2094574.jpg,oculatus
gs://bugoff-bucket1/hinton/Insecta/GenusSpecies/Alaus/oculatus/Alaus-oculatus-2096172.jpg,oculatus
gs://bugoff-bucket1/hinton/Insecta/GenusSpecies/Alaus/oculatus/Alaus-oculatus-2101812.jpg,oculatus
gs://bugoff-bucket1/hinton/Insecta/GenusSpecies/Alaus/oculatus/Alaus-oculatus-2131588.jpg,oculatus
gs://bugoff-bucket1/hinton/Insecta/GenusSpecies/Alaus/oculatus/Alaus-oculatus-2131662.jpg,oculatus
gs://bugoff-bucket1/hinton/Insecta/GenusSpecies/Alaus/oculatus/Alaus-oculatus-2148341.jpg,oculatus
gs://bugoff-bucket1/hinton/Insecta/GenusSpecies/Alaus/oculatus/Alaus-oculatus-215868.jpg,oculatus
gs://bugoff-bucket1/hinton/Insecta/GenusSpecies/Alaus/oculatus/Alaus-oculatus-2168019.jpg,oculatus
gs://bugoff-bucket1/hinton/Insecta/GenusSpecies/Alaus/oculatus/Alaus-oculatus-2168587.jpg,oculatus
gs://bugoff-bucket1/hinton/Insecta/GenusSpecies/Alaus/oculatus/Alaus-oculatus-2221473.jpg,oculatus
gs://bugoff-bucket1/hinton/Insecta/GenusSpecies/Alaus/oculatus/Alaus-oculatus-2224665.jpg,oculatus
gs://bugoff-bucket1/hinton/Insecta/GenusSpecies/Alaus/oculatus/Alaus-oculatus-2291483.jpg,oculatus
gs://bugoff-bucket1/hinton/Insecta/GenusSpecies/Alaus/oculatus/Alaus-oculatus-233742.jpg,oculatus
gs://bugoff-bucket1/hinton/Insecta/GenusSpecies/Alaus/oculatus/Alaus-oculatus-2349634.jpg,oculatus
gs://bugoff-bucket1/hinton/Insecta/GenusSpecies/Alaus/oculatus/Alaus-oculatus-243275.jpg,oculatus
gs://bugoff-bucket1/hinton/Insecta/GenusSpecies/Alaus/oculatus/Alaus-oculatus-2499416.jpg,oculatus
gs://bugoff-bucket1/hinton/Insecta/GenusSpecies/Alaus/oculatus/Alaus-oculatus-2519533.jpg,oculatus
gs://bugoff-bucket1/hinton/Insecta/GenusSpecies/Alaus/oculatus/Alaus-oculatus-2569693.jpg,oculatus
gs://bugoff-bucket1/hinton/Insecta/GenusSpecies/Alaus/oculatus/Alaus-oculatus-2595794.jpg,oculatus
gs://bugoff-bucket1/hinton/Insecta/GenusSpecies/Alaus/oculatus/Alaus-oculatus-2614694.jpg,oculatus
gs://bugoff-bucket1/hinton/Insecta/GenusSpecies/Alaus/oculatus/Alaus-oculatus-2616936.jpg,oculatus
gs://bugoff-bucket1/hinton/Insecta/GenusSpecies/Alaus/oculatus/Alaus-oculatus-2690925.jpg,oculatus
gs://bugoff-bucket1/hinton/Insecta/GenusSpecies/Alaus/oculatus/Alaus-oculatus-2692142.jpg,oculatus
gs://bugoff-bucket1/hinton/Insecta/GenusSpecies/Alaus/oculatus/Alaus-oculatus-2710835.jpg,oculatus
gs://bugoff-bucket1/hinton/Insecta/GenusSpecies/Alaus/oculatus/Alaus-oculatus-276927.jpg,oculatus
gs://bugoff-bucket1/hinton/Insecta/GenusSpecies/Alaus/oculatus/Alaus-oculatus-2978416.jpg,oculatus
gs://bugoff-bucket1/hinton/Insecta/GenusSpecies/Alaus/oculatus/Alaus-oculatus-2984039.jpg,oculatus
gs://bugoff-bucket1/hinton/Insecta/GenusSpecies/Alaus/oculatus/Alaus-oculatus-298540.jpg,oculatus
gs://bugoff-bucket1/hinton/Insecta/GenusSpecies/Alaus/oculatus/Alaus-oculatus-2990641.jpg,oculatus
gs://bugoff-bucket1/hinton/Insecta/GenusSpecies/Alaus/oculatus/Alaus-oculatus-3077638.jpg,oculatus
gs://bugoff-bucket1/hinton/Insecta/GenusSpecies/Alaus/oculatus/Alaus-oculatus-3103936.jpg,oculatus
gs://bugoff-bucket1/hinton/Insecta/GenusSpecies/Alaus/oculatus/Alaus-oculatus-3154035.jpg,oculatus
gs://bugoff-bucket1/hinton/Insecta/GenusSpecies/Alaus/oculatus/Alaus-oculatus-3207617.jpg,oculatus
gs://bugoff-bucket1/hinton/Insecta/GenusSpecies/Alaus/oculatus/Alaus-oculatus-3244611.jpg,oculatus
gs://bugoff-bucket1/hinton/Insecta/GenusSpecies/Alaus/oculatus/Alaus-oculatus-324829.jpg,oculatus
gs://bugoff-bucket1/hinton/Insecta/GenusSpecies/Alaus/oculatus/Alaus-oculatus-3276181.jpg,oculatus
gs://bugoff-bucket1/hinton/Insecta/GenusSpecies/Alaus/oculatus/Alaus-oculatus-32912.jpg,oculatus
gs://bugoff-bucket1/hinton/Insecta/GenusSpecies/Alaus/oculatus/Alaus-oculatus-3303050.jpg,oculatus
gs://bugoff-bucket1/hinton/Insecta/GenusSpecies/Alaus/oculatus/Alaus-oculatus-331289.jpg,oculatus
gs://bugoff-bucket1/hinton/Insecta/GenusSpecies/Alaus/oculatus/Alaus-oculatus-3352610.jpg,oculatus
gs://bugoff-bucket1/hinton/Insecta/GenusSpecies/Alaus/oculatus/Alaus-oculatus-3355334.jpg,oculatus
gs://bugoff-bucket1/hinton/Insecta/GenusSpecies/Alaus/oculatus/Alaus-oculatus-335881.jpg,oculatus
gs://bugoff-bucket1/hinton/Insecta/GenusSpecies/Alaus/oculatus/Alaus-oculatus-3467401.jpg,oculatus
gs://bugoff-bucket1/hinton/Insecta/GenusSpecies/Alaus/oculatus/Alaus-oculatus-350334.jpg,oculatus
gs://bugoff-bucket1/hinton/Insecta/GenusSpecies/Alaus/oculatus/Alaus-oculatus-3503525.jpg,oculatus
gs://bugoff-bucket1/hinton/Insecta/GenusSpecies/Alaus/oculatus/Alaus-oculatus-3506658.jpg,oculatus
gs://bugoff-bucket1/hinton/Insecta/GenusSpecies/Alaus/oculatus/Alaus-oculatus-351351.jpg,oculatus
gs://bugoff-bucket1/hinton/Insecta/GenusSpecies/Alaus/oculatus/Alaus-oculatus-3555112.jpg,oculatus
gs://bugoff-bucket1/hinton/Insecta/GenusSpecies/Alaus/oculatus/Alaus-oculatus-3555608.jpg,oculatus
gs://bugoff-bucket1/hinton/Insecta/GenusSpecies/Alaus/oculatus/Alaus-oculatus-3600546.jpg,oculatus
gs://bugoff-bucket1/hinton/Insecta/GenusSpecies/Alaus/oculatus/Alaus-oculatus-3651145.jpg,oculatus
gs://bugoff-bucket1/hinton/Insecta/GenusSpecies/Alaus/oculatus/Alaus-oculatus-365767.jpg,oculatus
gs://bugoff-bucket1/hinton/Insecta/GenusSpecies/Alaus/oculatus/Alaus-oculatus-3661265.jpg,oculatus
gs://bugoff-bucket1/hinton/Insecta/GenusSpecies/Alaus/oculatus/Alaus-oculatus-3671379.jpg,oculatus
gs://bugoff-bucket1/hinton/Insecta/GenusSpecies/Alaus/oculatus/Alaus-oculatus-3696706.jpg,oculatus
gs://bugoff-bucket1/hinton/Insecta/GenusSpecies/Alaus/oculatus/Alaus-oculatus-3708691.jpg,oculatus
gs://bugoff-bucket1/hinton/Insecta/GenusSpecies/Alaus/oculatus/Alaus-oculatus-3715829.jpg,oculatus
gs://bugoff-bucket1/hinton/Insecta/GenusSpecies/Alaus/oculatus/Alaus-oculatus-37236.jpg,oculatus
gs://bugoff-bucket1/hinton/Insecta/GenusSpecies/Alaus/oculatus/Alaus-oculatus-372825.jpg,oculatus
gs://bugoff-bucket1/hinton/Insecta/GenusSpecies/Alaus/oculatus/Alaus-oculatus-3732693.jpg,oculatus
gs://bugoff-bucket1/hinton/Insecta/GenusSpecies/Alaus/oculatus/Alaus-oculatus-3740250.jpg,oculatus
gs://bugoff-bucket1/hinton/Insecta/GenusSpecies/Alaus/oculatus/Alaus-oculatus-3741573.jpg,oculatus
gs://bugoff-bucket1/hinton/Insecta/GenusSpecies/Alaus/oculatus/Alaus-oculatus-37438.jpg,oculatus
gs://bugoff-bucket1/hinton/Insecta/GenusSpecies/Alaus/oculatus/Alaus-oculatus-3760512.jpg,oculatus
gs://bugoff-bucket1/hinton/Insecta/GenusSpecies/Alaus/oculatus/Alaus-oculatus-3763949.jpg,oculatus
gs://bugoff-bucket1/hinton/Insecta/GenusSpecies/Alaus/oculatus/Alaus-oculatus-3767233.jpg,oculatus
gs://bugoff-bucket1/hinton/Insecta/GenusSpecies/Alaus/oculatus/Alaus-oculatus-3767258.jpg,oculatus
gs://bugoff-bucket1/hinton/Insecta/GenusSpecies/Alaus/oculatus/Alaus-oculatus-3767421.jpg,oculatus
gs://bugoff-bucket1/hinton/Insecta/GenusSpecies/Alaus/oculatus/Alaus-oculatus-3779074.jpg,oculatus
gs://bugoff-bucket1/hinton/Insecta/GenusSpecies/Alaus/oculatus/Alaus-oculatus-3780138.jpg,oculatus
gs://bugoff-bucket1/hinton/Insecta/GenusSpecies/Alaus/oculatus/Alaus-oculatus-3782319.jpg,oculatus
gs://bugoff-bucket1/hinton/Insecta/GenusSpecies/Alaus/oculatus/Alaus-oculatus-3785959.jpg,oculatus
gs://bugoff-bucket1/hinton/Insecta/GenusSpecies/Alaus/oculatus/Alaus-oculatus-3788314.jpg,oculatus
gs://bugoff-bucket1/hinton/Insecta/GenusSpecies/Alaus/oculatus/Alaus-oculatus-3800056.jpg,oculatus
gs://bugoff-bucket1/hinton/Insecta/GenusSpecies/Alaus/oculatus/Alaus-oculatus-3807924.jpg,oculatus
gs://bugoff-bucket1/hinton/Insecta/GenusSpecies/Alaus/oculatus/Alaus-oculatus-381489.jpg,oculatus
gs://bugoff-bucket1/hinton/Insecta/GenusSpecies/Alaus/oculatus/Alaus-oculatus-3829719.jpg,oculatus
gs://bugoff-bucket1/hinton/Insecta/GenusSpecies/Alaus/oculatus/Alaus-oculatus-3841618.jpg,oculatus
gs://bugoff-bucket1/hinton/Insecta/GenusSpecies/Alaus/oculatus/Alaus-oculatus-3851720.jpg,oculatus
gs://bugoff-bucket1/hinton/Insecta/GenusSpecies/Alaus/oculatus/Alaus-oculatus-3854109.jpg,oculatus
gs://bugoff-bucket1/hinton/Insecta/GenusSpecies/Alaus/oculatus/Alaus-oculatus-3861680.jpg,oculatus
gs://bugoff-bucket1/hinton/Insecta/GenusSpecies/Alaus/oculatus/Alaus-oculatus-387119.jpg,oculatus
gs://bugoff-bucket1/hinton/Insecta/GenusSpecies/Alaus/oculatus/Alaus-oculatus-3878439.jpg,oculatus
gs://bugoff-bucket1/hinton/Insecta/GenusSpecies/Alaus/oculatus/Alaus-oculatus-3895938.jpg,oculatus
gs://bugoff-bucket1/hinton/Insecta/GenusSpecies/Alaus/oculatus/Alaus-oculatus-3907398.jpg,oculatus
gs://bugoff-bucket1/hinton/Insecta/GenusSpecies/Alaus/oculatus/Alaus-oculatus-3908603.jpg,oculatus
gs://bugoff-bucket1/hinton/Insecta/GenusSpecies/Alaus/oculatus/Alaus-oculatus-3931943.jpg,oculatus
gs://bugoff-bucket1/hinton/Insecta/GenusSpecies/Alaus/oculatus/Alaus-oculatus-3941426.jpg,oculatus
gs://bugoff-bucket1/hinton/Insecta/GenusSpecies/Alaus/oculatus/Alaus-oculatus-3942179.jpg,oculatus
gs://bugoff-bucket1/hinton/Insecta/GenusSpecies/Alaus/oculatus/Alaus-oculatus-3944816.jpg,oculatus
gs://bugoff-bucket1/hinton/Insecta/GenusSpecies/Alaus/oculatus/Alaus-oculatus-3979708.jpg,oculatus
gs://bugoff-bucket1/hinton/Insecta/GenusSpecies/Alaus/oculatus/Alaus-oculatus-3993074.jpg,oculatus
gs://bugoff-bucket1/hinton/Insecta/GenusSpecies/Alaus/oculatus/Alaus-oculatus-3996054.jpg,oculatus
gs://bugoff-bucket1/hinton/Insecta/GenusSpecies/Alaus/oculatus/Alaus-oculatus-399899.jpg,oculatus
gs://bugoff-bucket1/hinton/Insecta/GenusSpecies/Alaus/oculatus/Alaus-oculatus-4003502.jpg,oculatus
gs://bugoff-bucket1/hinton/Insecta/GenusSpecies/Alaus/oculatus/Alaus-oculatus-4005263.jpg,oculatus
gs://bugoff-bucket1/hinton/Insecta/GenusSpecies/Alaus/oculatus/Alaus-oculatus-4008941.jpg,oculatus
gs://bugoff-bucket1/hinton/Insecta/GenusSpecies/Alaus/oculatus/Alaus-oculatus-4014627.jpg,oculatus
gs://bugoff-bucket1/hinton/Insecta/GenusSpecies/Alaus/oculatus/Alaus-oculatus-4026143.jpg,oculatus
gs://bugoff-bucket1/hinton/Insecta/GenusSpecies/Alaus/oculatus/Alaus-oculatus-4037179.jpg,oculatus
gs://bugoff-bucket1/hinton/Insecta/GenusSpecies/Alaus/oculatus/Alaus-oculatus-4043175.jpg,oculatus
gs://bugoff-bucket1/hinton/Insecta/GenusSpecies/Alaus/oculatus/Alaus-oculatus-4047866.jpg,oculatus
gs://bugoff-bucket1/hinton/Insecta/GenusSpecies/Alaus/oculatus/Alaus-oculatus-4052024.jpg,oculatus
gs://bugoff-bucket1/hinton/Insecta/GenusSpecies/Alaus/oculatus/Alaus-oculatus-4061264.jpg,oculatus
gs://bugoff-bucket1/hinton/Insecta/GenusSpecies/Alaus/oculatus/Alaus-oculatus-4063019.jpg,oculatus
gs://bugoff-bucket1/hinton/Insecta/GenusSpecies/Alaus/oculatus/Alaus-oculatus-4076924.jpg,oculatus
gs://bugoff-bucket1/hinton/Insecta/GenusSpecies/Alaus/oculatus/Alaus-oculatus-4078762.jpg,oculatus
gs://bugoff-bucket1/hinton/Insecta/GenusSpecies/Alaus/oculatus/Alaus-oculatus-4078857.jpg,oculatus
gs://bugoff-bucket1/hinton/Insecta/GenusSpecies/Alaus/oculatus/Alaus-oculatus-4090293.jpg,oculatus
gs://bugoff-bucket1/hinton/Insecta/GenusSpecies/Alaus/oculatus/Alaus-oculatus-4098881.jpg,oculatus
gs://bugoff-bucket1/hinton/Insecta/GenusSpecies/Alaus/oculatus/Alaus-oculatus-4104474.jpg,oculatus
gs://bugoff-bucket1/hinton/Insecta/GenusSpecies/Alaus/oculatus/Alaus-oculatus-4131839.jpg,oculatus
gs://bugoff-bucket1/hinton/Insecta/GenusSpecies/Alaus/oculatus/Alaus-oculatus-4178520.jpg,oculatus
gs://bugoff-bucket1/hinton/Insecta/GenusSpecies/Alaus/oculatus/Alaus-oculatus-4184491.jpg,oculatus
gs://bugoff-bucket1/hinton/Insecta/GenusSpecies/Alaus/oculatus/Alaus-oculatus-418968.jpg,oculatus
gs://bugoff-bucket1/hinton/Insecta/GenusSpecies/Alaus/oculatus/Alaus-oculatus-4220177.jpg,oculatus
gs://bugoff-bucket1/hinton/Insecta/GenusSpecies/Alaus/oculatus/Alaus-oculatus-42795.jpg,oculatus
gs://bugoff-bucket1/hinton/Insecta/GenusSpecies/Alaus/oculatus/Alaus-oculatus-4282952.jpg,oculatus
gs://bugoff-bucket1/hinton/Insecta/GenusSpecies/Alaus/oculatus/Alaus-oculatus-4301579.jpg,oculatus
gs://bugoff-bucket1/hinton/Insecta/GenusSpecies/Alaus/oculatus/Alaus-oculatus-4308003.jpg,oculatus
gs://bugoff-bucket1/hinton/Insecta/GenusSpecies/Alaus/oculatus/Alaus-oculatus-4310270.jpg,oculatus
gs://bugoff-bucket1/hinton/Insecta/GenusSpecies/Alaus/oculatus/Alaus-oculatus-4317023.jpg,oculatus
gs://bugoff-bucket1/hinton/Insecta/GenusSpecies/Alaus/oculatus/Alaus-oculatus-4330043.jpg,oculatus
gs://bugoff-bucket1/hinton/Insecta/GenusSpecies/Alaus/oculatus/Alaus-oculatus-4344756.jpg,oculatus
gs://bugoff-bucket1/hinton/Insecta/GenusSpecies/Alaus/oculatus/Alaus-oculatus-4350343.jpg,oculatus
gs://bugoff-bucket1/hinton/Insecta/GenusSpecies/Alaus/oculatus/Alaus-oculatus-4372907.jpg,oculatus
gs://bugoff-bucket1/hinton/Insecta/GenusSpecies/Alaus/oculatus/Alaus-oculatus-4399197.jpg,oculatus
gs://bugoff-bucket1/hinton/Insecta/GenusSpecies/Alaus/oculatus/Alaus-oculatus-4401117.jpg,oculatus
gs://bugoff-bucket1/hinton/Insecta/GenusSpecies/Alaus/oculatus/Alaus-oculatus-4438434.jpg,oculatus
gs://bugoff-bucket1/hinton/Insecta/GenusSpecies/Alaus/oculatus/Alaus-oculatus-4443303.jpg,oculatus
gs://bugoff-bucket1/hinton/Insecta/GenusSpecies/Alaus/oculatus/Alaus-oculatus-4455984.jpg,oculatus
gs://bugoff-bucket1/hinton/Insecta/GenusSpecies/Alaus/oculatus/Alaus-oculatus-4456821.jpg,oculatus
gs://bugoff-bucket1/hinton/Insecta/GenusSpecies/Alaus/oculatus/Alaus-oculatus-4459333.jpg,oculatus
gs://bugoff-bucket1/hinton/Insecta/GenusSpecies/Alaus/oculatus/Alaus-oculatus-4460768.jpg,oculatus
gs://bugoff-bucket1/hinton/Insecta/GenusSpecies/Alaus/oculatus/Alaus-oculatus-4465402.jpg,oculatus
gs://bugoff-bucket1/hinton/Insecta/GenusSpecies/Alaus/oculatus/Alaus-oculatus-4467305.jpg,oculatus
gs://bugoff-bucket1/hinton/Insecta/GenusSpecies/Alaus/oculatus/Alaus-oculatus-4468472.jpg,oculatus
gs://bugoff-bucket1/hinton/Insecta/GenusSpecies/Alaus/oculatus/Alaus-oculatus-4470844.jpg,oculatus
gs://bugoff-bucket1/hinton/Insecta/GenusSpecies/Alaus/oculatus/Alaus-oculatus-4478328.jpg,oculatus
gs://bugoff-bucket1/hinton/Insecta/GenusSpecies/Alaus/oculatus/Alaus-oculatus-4479039.jpg,oculatus
gs://bugoff-bucket1/hinton/Insecta/GenusSpecies/Alaus/oculatus/Alaus-oculatus-4480697.jpg,oculatus
gs://bugoff-bucket1/hinton/Insecta/GenusSpecies/Alaus/oculatus/Alaus-oculatus-4482533.jpg,oculatus
gs://bugoff-bucket1/hinton/Insecta/GenusSpecies/Alaus/oculatus/Alaus-oculatus-4484597.jpg,oculatus
gs://bugoff-bucket1/hinton/Insecta/GenusSpecies/Alaus/oculatus/Alaus-oculatus-4490946.jpg,oculatus
gs://bugoff-bucket1/hinton/Insecta/GenusSpecies/Alaus/oculatus/Alaus-oculatus-4491575.jpg,oculatus
gs://bugoff-bucket1/hinton/Insecta/GenusSpecies/Alaus/oculatus/Alaus-oculatus-4492380.jpg,oculatus
gs://bugoff-bucket1/hinton/Insecta/GenusSpecies/Alaus/oculatus/Alaus-oculatus-4494207.jpg,oculatus
gs://bugoff-bucket1/hinton/Insecta/GenusSpecies/Alaus/oculatus/Alaus-oculatus-4495121.jpg,oculatus
gs://bugoff-bucket1/hinton/Insecta/GenusSpecies/Alaus/oculatus/Alaus-oculatus-4498131.jpg,oculatus
gs://bugoff-bucket1/hinton/Insecta/GenusSpecies/Alaus/oculatus/Alaus-oculatus-4505524.jpg,oculatus
gs://bugoff-bucket1/hinton/Insecta/GenusSpecies/Alaus/oculatus/Alaus-oculatus-4505628.jpg,oculatus
gs://bugoff-bucket1/hinton/Insecta/GenusSpecies/Alaus/oculatus/Alaus-oculatus-4511185.jpg,oculatus
gs://bugoff-bucket1/hinton/Insecta/GenusSpecies/Alaus/oculatus/Alaus-oculatus-4513462.jpg,oculatus
gs://bugoff-bucket1/hinton/Insecta/GenusSpecies/Alaus/oculatus/Alaus-oculatus-4525485.jpg,oculatus
gs://bugoff-bucket1/hinton/Insecta/GenusSpecies/Alaus/oculatus/Alaus-oculatus-4529973.jpg,oculatus
gs://bugoff-bucket1/hinton/Insecta/GenusSpecies/Alaus/oculatus/Alaus-oculatus-4534580.jpg,oculatus
gs://bugoff-bucket1/hinton/Insecta/GenusSpecies/Alaus/oculatus/Alaus-oculatus-455282.jpg,oculatus
gs://bugoff-bucket1/hinton/Insecta/GenusSpecies/Alaus/oculatus/Alaus-oculatus-4553139.jpg,oculatus
gs://bugoff-bucket1/hinton/Insecta/GenusSpecies/Alaus/oculatus/Alaus-oculatus-4558306.jpg,oculatus
gs://bugoff-bucket1/hinton/Insecta/GenusSpecies/Alaus/oculatus/Alaus-oculatus-4574949.jpg,oculatus
gs://bugoff-bucket1/hinton/Insecta/GenusSpecies/Alaus/oculatus/Alaus-oculatus-4584052.jpg,oculatus
gs://bugoff-bucket1/hinton/Insecta/GenusSpecies/Alaus/oculatus/Alaus-oculatus-4591585.jpg,oculatus
gs://bugoff-bucket1/hinton/Insecta/GenusSpecies/Alaus/oculatus/Alaus-oculatus-4602137.jpg,oculatus
gs://bugoff-bucket1/hinton/Insecta/GenusSpecies/Alaus/oculatus/Alaus-oculatus-4616635.jpg,oculatus
gs://bugoff-bucket1/hinton/Insecta/GenusSpecies/Alaus/oculatus/Alaus-oculatus-4619526.jpg,oculatus
gs://bugoff-bucket1/hinton/Insecta/GenusSpecies/Alaus/oculatus/Alaus-oculatus-4641817.jpg,oculatus
gs://bugoff-bucket1/hinton/Insecta/GenusSpecies/Alaus/oculatus/Alaus-oculatus-4651181.jpg,oculatus
gs://bugoff-bucket1/hinton/Insecta/GenusSpecies/Alaus/oculatus/Alaus-oculatus-4653030.jpg,oculatus
gs://bugoff-bucket1/hinton/Insecta/GenusSpecies/Alaus/oculatus/Alaus-oculatus-4718814.jpg,oculatus
gs://bugoff-bucket1/hinton/Insecta/GenusSpecies/Alaus/oculatus/Alaus-oculatus-4721185.jpg,oculatus
gs://bugoff-bucket1/hinton/Insecta/GenusSpecies/Alaus/oculatus/Alaus-oculatus-475648.jpg,oculatus
gs://bugoff-bucket1/hinton/Insecta/GenusSpecies/Alaus/oculatus/Alaus-oculatus-4763358.jpg,oculatus
gs://bugoff-bucket1/hinton/Insecta/GenusSpecies/Alaus/oculatus/Alaus-oculatus-4817441.jpg,oculatus
gs://bugoff-bucket1/hinton/Insecta/GenusSpecies/Alaus/oculatus/Alaus-oculatus-486944.jpg,oculatus
gs://bugoff-bucket1/hinton/Insecta/GenusSpecies/Alaus/oculatus/Alaus-oculatus-4909322.jpg,oculatus
gs://bugoff-bucket1/hinton/Insecta/GenusSpecies/Alaus/oculatus/Alaus-oculatus-4964915.jpg,oculatus
gs://bugoff-bucket1/hinton/Insecta/GenusSpecies/Alaus/oculatus/Alaus-oculatus-498629.jpg,oculatus
gs://bugoff-bucket1/hinton/Insecta/GenusSpecies/Alaus/oculatus/Alaus-oculatus-4999186.jpg,oculatus
gs://bugoff-bucket1/hinton/Insecta/GenusSpecies/Alaus/oculatus/Alaus-oculatus-503230.jpg,oculatus
gs://bugoff-bucket1/hinton/Insecta/GenusSpecies/Alaus/oculatus/Alaus-oculatus-5093048.jpg,oculatus
gs://bugoff-bucket1/hinton/Insecta/GenusSpecies/Alaus/oculatus/Alaus-oculatus-5146929.jpg,oculatus
gs://bugoff-bucket1/hinton/Insecta/GenusSpecies/Alaus/oculatus/Alaus-oculatus-5413871.jpg,oculatus
gs://bugoff-bucket1/hinton/Insecta/GenusSpecies/Alaus/oculatus/Alaus-oculatus-5417019.jpg,oculatus
gs://bugoff-bucket1/hinton/Insecta/GenusSpecies/Alaus/oculatus/Alaus-oculatus-555753.jpg,oculatus
gs://bugoff-bucket1/hinton/Insecta/GenusSpecies/Alaus/oculatus/Alaus-oculatus-5616884.jpg,oculatus
gs://bugoff-bucket1/hinton/Insecta/GenusSpecies/Alaus/oculatus/Alaus-oculatus-5639868.jpg,oculatus
gs://bugoff-bucket1/hinton/Insecta/GenusSpecies/Alaus/oculatus/Alaus-oculatus-5660562.jpg,oculatus
gs://bugoff-bucket1/hinton/Insecta/GenusSpecies/Alaus/oculatus/Alaus-oculatus-5695484.jpg,oculatus
gs://bugoff-bucket1/hinton/Insecta/GenusSpecies/Alaus/oculatus/Alaus-oculatus-5819685.jpg,oculatus
gs://bugoff-bucket1/hinton/Insecta/GenusSpecies/Alaus/oculatus/Alaus-oculatus-5881775.jpg,oculatus
gs://bugoff-bucket1/hinton/Insecta/GenusSpecies/Alaus/oculatus/Alaus-oculatus-5930744.jpg,oculatus
gs://bugoff-bucket1/hinton/Insecta/GenusSpecies/Alaus/oculatus/Alaus-oculatus-5937233.jpg,oculatus
gs://bugoff-bucket1/hinton/Insecta/GenusSpecies/Alaus/oculatus/Alaus-oculatus-602501.jpg,oculatus
gs://bugoff-bucket1/hinton/Insecta/GenusSpecies/Alaus/oculatus/Alaus-oculatus-6044322.jpg,oculatus
gs://bugoff-bucket1/hinton/Insecta/GenusSpecies/Alaus/oculatus/Alaus-oculatus-6109280.jpg,oculatus
gs://bugoff-bucket1/hinton/Insecta/GenusSpecies/Alaus/oculatus/Alaus-oculatus-6210883.jpg,oculatus
gs://bugoff-bucket1/hinton/Insecta/GenusSpecies/Alaus/oculatus/Alaus-oculatus-6322648.jpg,oculatus
gs://bugoff-bucket1/hinton/Insecta/GenusSpecies/Alaus/oculatus/Alaus-oculatus-6435503.jpg,oculatus
gs://bugoff-bucket1/hinton/Insecta/GenusSpecies/Alaus/oculatus/Alaus-oculatus-6553608.jpg,oculatus
gs://bugoff-bucket1/hinton/Insecta/GenusSpecies/Alaus/oculatus/Alaus-oculatus-6620874.jpg,oculatus
gs://bugoff-bucket1/hinton/Insecta/GenusSpecies/Alaus/oculatus/Alaus-oculatus-6735275.jpg,oculatus
gs://bugoff-bucket1/hinton/Insecta/GenusSpecies/Alaus/oculatus/Alaus-oculatus-6753744.jpg,oculatus
gs://bugoff-bucket1/hinton/Insecta/GenusSpecies/Alaus/oculatus/Alaus-oculatus-675738.jpg,oculatus
gs://bugoff-bucket1/hinton/Insecta/GenusSpecies/Alaus/oculatus/Alaus-oculatus-675803.jpg,oculatus
gs://bugoff-bucket1/hinton/Insecta/GenusSpecies/Alaus/oculatus/Alaus-oculatus-6784638.jpg,oculatus
gs://bugoff-bucket1/hinton/Insecta/GenusSpecies/Alaus/oculatus/Alaus-oculatus-6792570.jpg,oculatus
gs://bugoff-bucket1/hinton/Insecta/GenusSpecies/Alaus/oculatus/Alaus-oculatus-6872941.jpg,oculatus
gs://bugoff-bucket1/hinton/Insecta/GenusSpecies/Alaus/oculatus/Alaus-oculatus-6894132.jpg,oculatus
gs://bugoff-bucket1/hinton/Insecta/GenusSpecies/Alaus/oculatus/Alaus-oculatus-6929129.jpg,oculatus
gs://bugoff-bucket1/hinton/Insecta/GenusSpecies/Alaus/oculatus/Alaus-oculatus-6936260.jpg,oculatus
gs://bugoff-bucket1/hinton/Insecta/GenusSpecies/Alaus/oculatus/Alaus-oculatus-6959555.jpg,oculatus
gs://bugoff-bucket1/hinton/Insecta/GenusSpecies/Alaus/oculatus/Alaus-oculatus-70226.jpg,oculatus
gs://bugoff-bucket1/hinton/Insecta/GenusSpecies/Alaus/oculatus/Alaus-oculatus-7038513.jpg,oculatus
gs://bugoff-bucket1/hinton/Insecta/GenusSpecies/Alaus/oculatus/Alaus-oculatus-7038515.jpg,oculatus
gs://bugoff-bucket1/hinton/Insecta/GenusSpecies/Alaus/oculatus/Alaus-oculatus-7049405.jpg,oculatus
gs://bugoff-bucket1/hinton/Insecta/GenusSpecies/Alaus/oculatus/Alaus-oculatus-7051968.jpg,oculatus
gs://bugoff-bucket1/hinton/Insecta/GenusSpecies/Alaus/oculatus/Alaus-oculatus-7065333.jpg,oculatus
gs://bugoff-bucket1/hinton/Insecta/GenusSpecies/Alaus/oculatus/Alaus-oculatus-7080947.jpg,oculatus
gs://bugoff-bucket1/hinton/Insecta/GenusSpecies/Alaus/oculatus/Alaus-oculatus-7100231.jpg,oculatus
gs://bugoff-bucket1/hinton/Insecta/GenusSpecies/Alaus/oculatus/Alaus-oculatus-7100266.jpg,oculatus
gs://bugoff-bucket1/hinton/Insecta/GenusSpecies/Alaus/oculatus/Alaus-oculatus-710941.jpg,oculatus
gs://bugoff-bucket1/hinton/Insecta/GenusSpecies/Alaus/oculatus/Alaus-oculatus-7113729.jpg,oculatus
gs://bugoff-bucket1/hinton/Insecta/GenusSpecies/Alaus/oculatus/Alaus-oculatus-71910.jpg,oculatus
gs://bugoff-bucket1/hinton/Insecta/GenusSpecies/Alaus/oculatus/Alaus-oculatus-7191422.jpg,oculatus
gs://bugoff-bucket1/hinton/Insecta/GenusSpecies/Alaus/oculatus/Alaus-oculatus-7211078.jpg,oculatus
gs://bugoff-bucket1/hinton/Insecta/GenusSpecies/Alaus/oculatus/Alaus-oculatus-7242268.jpg,oculatus
gs://bugoff-bucket1/hinton/Insecta/GenusSpecies/Alaus/oculatus/Alaus-oculatus-724684.jpg,oculatus
gs://bugoff-bucket1/hinton/Insecta/GenusSpecies/Alaus/oculatus/Alaus-oculatus-7256088.jpg,oculatus
gs://bugoff-bucket1/hinton/Insecta/GenusSpecies/Alaus/oculatus/Alaus-oculatus-7276202.jpg,oculatus
gs://bugoff-bucket1/hinton/Insecta/GenusSpecies/Alaus/oculatus/Alaus-oculatus-7330797.jpg,oculatus
gs://bugoff-bucket1/hinton/Insecta/GenusSpecies/Alaus/oculatus/Alaus-oculatus-7342681.jpg,oculatus
gs://bugoff-bucket1/hinton/Insecta/GenusSpecies/Alaus/oculatus/Alaus-oculatus-7417556.jpg,oculatus
gs://bugoff-bucket1/hinton/Insecta/GenusSpecies/Alaus/oculatus/Alaus-oculatus-7435321.jpg,oculatus
gs://bugoff-bucket1/hinton/Insecta/GenusSpecies/Alaus/oculatus/Alaus-oculatus-7455447.jpg,oculatus
gs://bugoff-bucket1/hinton/Insecta/GenusSpecies/Alaus/oculatus/Alaus-oculatus-7478336.jpg,oculatus
gs://bugoff-bucket1/hinton/Insecta/GenusSpecies/Alaus/oculatus/Alaus-oculatus-7495902.jpg,oculatus
gs://bugoff-bucket1/hinton/Insecta/GenusSpecies/Alaus/oculatus/Alaus-oculatus-7505379.jpg,oculatus
gs://bugoff-bucket1/hinton/Insecta/GenusSpecies/Alaus/oculatus/Alaus-oculatus-750712.jpg,oculatus
gs://bugoff-bucket1/hinton/Insecta/GenusSpecies/Alaus/oculatus/Alaus-oculatus-7511760.jpg,oculatus
gs://bugoff-bucket1/hinton/Insecta/GenusSpecies/Alaus/oculatus/Alaus-oculatus-7536619.jpg,oculatus
gs://bugoff-bucket1/hinton/Insecta/GenusSpecies/Alaus/oculatus/Alaus-oculatus-7563898.jpg,oculatus
gs://bugoff-bucket1/hinton/Insecta/GenusSpecies/Alaus/oculatus/Alaus-oculatus-7566567.jpg,oculatus
gs://bugoff-bucket1/hinton/Insecta/GenusSpecies/Alaus/oculatus/Alaus-oculatus-757981.jpg,oculatus
gs://bugoff-bucket1/hinton/Insecta/GenusSpecies/Alaus/oculatus/Alaus-oculatus-7581001.jpg,oculatus
gs://bugoff-bucket1/hinton/Insecta/GenusSpecies/Alaus/oculatus/Alaus-oculatus-7585699.jpg,oculatus
gs://bugoff-bucket1/hinton/Insecta/GenusSpecies/Alaus/oculatus/Alaus-oculatus-7595417.jpg,oculatus
gs://bugoff-bucket1/hinton/Insecta/GenusSpecies/Alaus/oculatus/Alaus-oculatus-7597577.jpg,oculatus
gs://bugoff-bucket1/hinton/Insecta/GenusSpecies/Alaus/oculatus/Alaus-oculatus-7630534.jpg,oculatus
gs://bugoff-bucket1/hinton/Insecta/GenusSpecies/Alaus/oculatus/Alaus-oculatus-7656742.jpg,oculatus
gs://bugoff-bucket1/hinton/Insecta/GenusSpecies/Alaus/oculatus/Alaus-oculatus-7724739.jpg,oculatus
gs://bugoff-bucket1/hinton/Insecta/GenusSpecies/Alaus/oculatus/Alaus-oculatus-7730045.jpg,oculatus
gs://bugoff-bucket1/hinton/Insecta/GenusSpecies/Alaus/oculatus/Alaus-oculatus-7738589.jpg,oculatus
gs://bugoff-bucket1/hinton/Insecta/GenusSpecies/Alaus/oculatus/Alaus-oculatus-7742210.jpg,oculatus
gs://bugoff-bucket1/hinton/Insecta/GenusSpecies/Alaus/oculatus/Alaus-oculatus-7754971.jpg,oculatus
gs://bugoff-bucket1/hinton/Insecta/GenusSpecies/Alaus/oculatus/Alaus-oculatus-7760138.jpg,oculatus
gs://bugoff-bucket1/hinton/Insecta/GenusSpecies/Alaus/oculatus/Alaus-oculatus-7788584.jpg,oculatus
gs://bugoff-bucket1/hinton/Insecta/GenusSpecies/Alaus/oculatus/Alaus-oculatus-7798534.jpg,oculatus
gs://bugoff-bucket1/hinton/Insecta/GenusSpecies/Alaus/oculatus/Alaus-oculatus-7799327.jpg,oculatus
gs://bugoff-bucket1/hinton/Insecta/GenusSpecies/Alaus/oculatus/Alaus-oculatus-7808164.jpg,oculatus
gs://bugoff-bucket1/hinton/Insecta/GenusSpecies/Alaus/oculatus/Alaus-oculatus-781283.jpg,oculatus
gs://bugoff-bucket1/hinton/Insecta/GenusSpecies/Alaus/oculatus/Alaus-oculatus-7824401.jpg,oculatus
gs://bugoff-bucket1/hinton/Insecta/GenusSpecies/Alaus/oculatus/Alaus-oculatus-7843131.jpg,oculatus
gs://bugoff-bucket1/hinton/Insecta/GenusSpecies/Alaus/oculatus/Alaus-oculatus-7856465.jpg,oculatus
gs://bugoff-bucket1/hinton/Insecta/GenusSpecies/Alaus/oculatus/Alaus-oculatus-7860041.jpg,oculatus
gs://bugoff-bucket1/hinton/Insecta/GenusSpecies/Alaus/oculatus/Alaus-oculatus-7861384.jpg,oculatus
gs://bugoff-bucket1/hinton/Insecta/GenusSpecies/Alaus/oculatus/Alaus-oculatus-786160.jpg,oculatus
gs://bugoff-bucket1/hinton/Insecta/GenusSpecies/Alaus/oculatus/Alaus-oculatus-7882124.jpg,oculatus
gs://bugoff-bucket1/hinton/Insecta/GenusSpecies/Alaus/oculatus/Alaus-oculatus-7890303.jpg,oculatus
gs://bugoff-bucket1/hinton/Insecta/GenusSpecies/Alaus/oculatus/Alaus-oculatus-7894621.jpg,oculatus
gs://bugoff-bucket1/hinton/Insecta/GenusSpecies/Alaus/oculatus/Alaus-oculatus-7898603.jpg,oculatus
gs://bugoff-bucket1/hinton/Insecta/GenusSpecies/Alaus/oculatus/Alaus-oculatus-7900870.jpg,oculatus
gs://bugoff-bucket1/hinton/Insecta/GenusSpecies/Alaus/oculatus/Alaus-oculatus-7909211.jpg,oculatus
gs://bugoff-bucket1/hinton/Insecta/GenusSpecies/Alaus/oculatus/Alaus-oculatus-7915141.jpg,oculatus
gs://bugoff-bucket1/hinton/Insecta/GenusSpecies/Alaus/oculatus/Alaus-oculatus-7918375.jpg,oculatus
gs://bugoff-bucket1/hinton/Insecta/GenusSpecies/Alaus/oculatus/Alaus-oculatus-7923927.jpg,oculatus
gs://bugoff-bucket1/hinton/Insecta/GenusSpecies/Alaus/oculatus/Alaus-oculatus-7937376.jpg,oculatus
gs://bugoff-bucket1/hinton/Insecta/GenusSpecies/Alaus/oculatus/Alaus-oculatus-7945956.jpg,oculatus
gs://bugoff-bucket1/hinton/Insecta/GenusSpecies/Alaus/oculatus/Alaus-oculatus-7960503.jpg,oculatus
gs://bugoff-bucket1/hinton/Insecta/GenusSpecies/Alaus/oculatus/Alaus-oculatus-7979078.jpg,oculatus
gs://bugoff-bucket1/hinton/Insecta/GenusSpecies/Alaus/oculatus/Alaus-oculatus-7982613.jpg,oculatus
gs://bugoff-bucket1/hinton/Insecta/GenusSpecies/Alaus/physoderus/Alaus-physoderus-2242708.jpg,physoderus
gs://bugoff-bucket1/hinton/Insecta/GenusSpecies/Alaus/zunianus/Alaus-zunianus-2756276.jpg,zunianus
gs://bugoff-bucket1/hinton/Insecta/GenusSpecies/Alaus/zunianus/Alaus-zunianus-4327499.jpg,zunianus
gs://bugoff-bucket1/hinton/Insecta/GenusSpecies/Alaus/zunianus/Alaus-zunianus-4327506.jpg,zunianus
gs://bugoff-bucket1/hinton/Insecta/GenusSpecies/Alaus/zunianus/Alaus-zunianus-4357267.jpg,zunianus
gs://bugoff-bucket1/hinton/Insecta/GenusSpecies/Ampedus/anthracinus/Ampedus-anthracinus-2943438.jpg,anthracinus
gs://bugoff-bucket1/hinton/Insecta/GenusSpecies/Ampedus/apicatus/Ampedus-apicatus-2911161.jpg,apicatus
gs://bugoff-bucket1/hinton/Insecta/GenusSpecies/Ampedus/apicatus/Ampedus-apicatus-2943445.jpg,apicatus
gs://bugoff-bucket1/hinton/Insecta/GenusSpecies/Ampedus/apicatus/Ampedus-apicatus-5265300.jpg,apicatus
gs://bugoff-bucket1/hinton/Insecta/GenusSpecies/Ampedus/apicatus/Ampedus-apicatus-7787218.jpg,apicatus
gs://bugoff-bucket1/hinton/Insecta/GenusSpecies/Ampedus/areolatus/Ampedus-areolatus-1164027.jpg,areolatus
gs://bugoff-bucket1/hinton/Insecta/GenusSpecies/Ampedus/areolatus/Ampedus-areolatus-6614338.jpg,areolatus
gs://bugoff-bucket1/hinton/Insecta/GenusSpecies/Ampedus/areolatus/Ampedus-areolatus-7326590.jpg,areolatus
gs://bugoff-bucket1/hinton/Insecta/GenusSpecies/Ampedus/balteatus/Ampedus-balteatus-3303975.jpg,balteatus
gs://bugoff-bucket1/hinton/Insecta/GenusSpecies/Ampedus/cinnaberinus/Ampedus-cinnaberinus-5931927.jpg,cinnaberinus
gs://bugoff-bucket1/hinton/Insecta/GenusSpecies/Ampedus/cinnaberinus/Ampedus-cinnaberinus-7204835.jpg,cinnaberinus
gs://bugoff-bucket1/hinton/Insecta/GenusSpecies/Ampedus/collaris/Ampedus-collaris-1945786.jpg,collaris
gs://bugoff-bucket1/hinton/Insecta/GenusSpecies/Ampedus/collaris/Ampedus-collaris-7880125.jpg,collaris
gs://bugoff-bucket1/hinton/Insecta/GenusSpecies/Ampedus/cordifer/Ampedus-cordifer-1102720.jpg,cordifer
gs://bugoff-bucket1/hinton/Insecta/GenusSpecies/Ampedus/cordifer/Ampedus-cordifer-1720131.jpg,cordifer
gs://bugoff-bucket1/hinton/Insecta/GenusSpecies/Ampedus/cordifer/Ampedus-cordifer-3245381.jpg,cordifer
gs://bugoff-bucket1/hinton/Insecta/GenusSpecies/Ampedus/cordifer/Ampedus-cordifer-3429109.jpg,cordifer
gs://bugoff-bucket1/hinton/Insecta/GenusSpecies/Ampedus/cordifer/Ampedus-cordifer-3854610.jpg,cordifer
gs://bugoff-bucket1/hinton/Insecta/GenusSpecies/Ampedus/cordifer/Ampedus-cordifer-6644036.jpg,cordifer
gs://bugoff-bucket1/hinton/Insecta/GenusSpecies/Ampedus/cordifer/Ampedus-cordifer-6694537.jpg,cordifer
gs://bugoff-bucket1/hinton/Insecta/GenusSpecies/Ampedus/cordifer/Ampedus-cordifer-6806528.jpg,cordifer
gs://bugoff-bucket1/hinton/Insecta/GenusSpecies/Ampedus/cordifer/Ampedus-cordifer-6932771.jpg,cordifer
gs://bugoff-bucket1/hinton/Insecta/GenusSpecies/Ampedus/cordifer/Ampedus-cordifer-7250403.jpg,cordifer
gs://bugoff-bucket1/hinton/Insecta/GenusSpecies/Ampedus/cordifer/Ampedus-cordifer-7279034.jpg,cordifer
gs://bugoff-bucket1/hinton/Insecta/GenusSpecies/Ampedus/cordifer/Ampedus-cordifer-7654896.jpg,cordifer
gs://bugoff-bucket1/hinton/Insecta/GenusSpecies/Ampedus/fastus/Ampedus-fastus-7171957.jpg,fastus
gs://bugoff-bucket1/hinton/Insecta/GenusSpecies/Ampedus/fuscatus/Ampedus-fuscatus-6881116.jpg,fuscatus
gs://bugoff-bucket1/hinton/Insecta/GenusSpecies/Ampedus/fuscatus/Ampedus-fuscatus-6935477.jpg,fuscatus
gs://bugoff-bucket1/hinton/Insecta/GenusSpecies/Ampedus/fuscatus/Ampedus-fuscatus-7080537.jpg,fuscatus
gs://bugoff-bucket1/hinton/Insecta/GenusSpecies/Ampedus/linteus/Ampedus-linteus-5248709.jpg,linteus
gs://bugoff-bucket1/hinton/Insecta/GenusSpecies/Ampedus/linteus/Ampedus-linteus-6880625.jpg,linteus
gs://bugoff-bucket1/hinton/Insecta/GenusSpecies/Ampedus/miniipennis/Ampedus-miniipennis-4009461.jpg,miniipennis
gs://bugoff-bucket1/hinton/Insecta/GenusSpecies/Ampedus/nigricollis/Ampedus-nigricollis-1281576.jpg,nigricollis
gs://bugoff-bucket1/hinton/Insecta/GenusSpecies/Ampedus/nigricollis/Ampedus-nigricollis-1650210.jpg,nigricollis
gs://bugoff-bucket1/hinton/Insecta/GenusSpecies/Ampedus/nigricollis/Ampedus-nigricollis-1719060.jpg,nigricollis
gs://bugoff-bucket1/hinton/Insecta/GenusSpecies/Ampedus/nigricollis/Ampedus-nigricollis-3146727.jpg,nigricollis
gs://bugoff-bucket1/hinton/Insecta/GenusSpecies/Ampedus/nigricollis/Ampedus-nigricollis-5347259.jpg,nigricollis
gs://bugoff-bucket1/hinton/Insecta/GenusSpecies/Ampedus/nigricollis/Ampedus-nigricollis-5838130.jpg,nigricollis
gs://bugoff-bucket1/hinton/Insecta/GenusSpecies/Ampedus/nigricollis/Ampedus-nigricollis-6935493.jpg,nigricollis
gs://bugoff-bucket1/hinton/Insecta/GenusSpecies/Ampedus/nigricollis/Ampedus-nigricollis-6935513.jpg,nigricollis
gs://bugoff-bucket1/hinton/Insecta/GenusSpecies/Ampedus/nigricollis/Ampedus-nigricollis-6976574.jpg,nigricollis
gs://bugoff-bucket1/hinton/Insecta/GenusSpecies/Ampedus/nigricollis/Ampedus-nigricollis-6976998.jpg,nigricollis
gs://bugoff-bucket1/hinton/Insecta/GenusSpecies/Ampedus/nigricollis/Ampedus-nigricollis-7178168.jpg,nigricollis
gs://bugoff-bucket1/hinton/Insecta/GenusSpecies/Ampedus/nigricollis/Ampedus-nigricollis-781809.jpg,nigricollis
gs://bugoff-bucket1/hinton/Insecta/GenusSpecies/Ampedus/nigricollis/Ampedus-nigricollis-7885112.jpg,nigricollis
gs://bugoff-bucket1/hinton/Insecta/GenusSpecies/Ampedus/nigrinus/Ampedus-nigrinus-3639521.jpg,nigrinus
gs://bugoff-bucket1/hinton/Insecta/GenusSpecies/Ampedus/occidentalis/Ampedus-occidentalis-383582.jpg,occidentalis
gs://bugoff-bucket1/hinton/Insecta/GenusSpecies/Ampedus/occidentalis/Ampedus-occidentalis-4271398.jpg,occidentalis
gs://bugoff-bucket1/hinton/Insecta/GenusSpecies/Ampedus/oregonus/Ampedus-oregonus-2943453.jpg,oregonus
gs://bugoff-bucket1/hinton/Insecta/GenusSpecies/Ampedus/phoenicopterus/Ampedus-phoenicopterus-3425740.jpg,phoenicopterus
gs://bugoff-bucket1/hinton/Insecta/GenusSpecies/Ampedus/phoenicopterus/Ampedus-phoenicopterus-3843056.jpg,phoenicopterus
gs://bugoff-bucket1/hinton/Insecta/GenusSpecies/Ampedus/pilosus/Ampedus-pilosus-1756704.jpg,pilosus
gs://bugoff-bucket1/hinton/Insecta/GenusSpecies/Ampedus/pooti/Ampedus-pooti-2180127.jpg,pooti
gs://bugoff-bucket1/hinton/Insecta/GenusSpecies/Ampedus/quercicola/Ampedus-quercicola-1756702.jpg,quercicola
gs://bugoff-bucket1/hinton/Insecta/GenusSpecies/Ampedus/quercicola/Ampedus-quercicola-4652404.jpg,quercicola
gs://bugoff-bucket1/hinton/Insecta/GenusSpecies/Ampedus/racemosa/Ampedus-racemosa-368355.jpg,racemosa
gs://bugoff-bucket1/hinton/Insecta/GenusSpecies/Ampedus/rhodopus/Ampedus-rhodopus-2943456.jpg,rhodopus
gs://bugoff-bucket1/hinton/Insecta/GenusSpecies/Ampedus/rhodopus/Ampedus-rhodopus-3843026.jpg,rhodopus
gs://bugoff-bucket1/hinton/Insecta/GenusSpecies/Ampedus/rubricollis/Ampedus-rubricollis-6269202.jpg,rubricollis
gs://bugoff-bucket1/hinton/Insecta/GenusSpecies/Ampedus/rubricollis/Ampedus-rubricollis-7719622.jpg,rubricollis
gs://bugoff-bucket1/hinton/Insecta/GenusSpecies/Ampedus/rubricus/Ampedus-rubricus-4367046.jpg,rubricus
gs://bugoff-bucket1/hinton/Insecta/GenusSpecies/Ampedus/rubricus/Ampedus-rubricus-6272900.jpg,rubricus
gs://bugoff-bucket1/hinton/Insecta/GenusSpecies/Ampedus/rubricus/Ampedus-rubricus-7690816.jpg,rubricus
gs://bugoff-bucket1/hinton/Insecta/GenusSpecies/Ampedus/sanguineus/Ampedus-sanguineus-3741913.jpg,sanguineus
gs://bugoff-bucket1/hinton/Insecta/GenusSpecies/Ampedus/sanguineus/Ampedus-sanguineus-4661452.jpg,sanguineus
gs://bugoff-bucket1/hinton/Insecta/GenusSpecies/Ampedus/sanguineus/Ampedus-sanguineus-7147192.jpg,sanguineus
gs://bugoff-bucket1/hinton/Insecta/GenusSpecies/Ampedus/sanguinipennis/Ampedus-sanguinipennis-3823880.jpg,sanguinipennis
gs://bugoff-bucket1/hinton/Insecta/GenusSpecies/Ampedus/sanguinolentus/Ampedus-sanguinolentus-3290077.jpg,sanguinolentus
gs://bugoff-bucket1/hinton/Insecta/GenusSpecies/Ampedus/sanguinolentus/Ampedus-sanguinolentus-3599119.jpg,sanguinolentus
gs://bugoff-bucket1/hinton/Insecta/GenusSpecies/Ampedus/sayi/Ampedus-sayi-1812559.jpg,sayi
gs://bugoff-bucket1/hinton/Insecta/GenusSpecies/Ampedus/sellatus/Ampedus-sellatus-3376402.jpg,sellatus
gs://bugoff-bucket1/hinton/Insecta/GenusSpecies/Ampedus/sellatus/Ampedus-sellatus-4206571.jpg,sellatus
gs://bugoff-bucket1/hinton/Insecta/GenusSpecies/Anchastus/bicolor/Anchastus-bicolor-2295811.jpg,bicolor
gs://bugoff-bucket1/hinton/Insecta/GenusSpecies/Anchastus/bicolor/Anchastus-bicolor-2395758.jpg,bicolor
gs://bugoff-bucket1/hinton/Insecta/GenusSpecies/Anchastus/bicolor/Anchastus-bicolor-5207629.jpg,bicolor
gs://bugoff-bucket1/hinton/Insecta/GenusSpecies/Anchastus/bicolor/Anchastus-bicolor-5854709.jpg,bicolor
gs://bugoff-bucket1/hinton/Insecta/GenusSpecies/Anchastus/cinereipennis/Anchastus-cinereipennis-3291183.jpg,cinereipennis
gs://bugoff-bucket1/hinton/Insecta/GenusSpecies/Anostirus/purpureus/Anostirus-purpureus-7963422.jpg,purpureus
gs://bugoff-bucket1/hinton/Insecta/GenusSpecies/Anostirus/vernalis/Anostirus-vernalis-1987709.jpg,vernalis
gs://bugoff-bucket1/hinton/Insecta/GenusSpecies/Anostirus/vernalis/Anostirus-vernalis-3401153.jpg,vernalis
gs://bugoff-bucket1/hinton/Insecta/GenusSpecies/Anostirus/vernalis/Anostirus-vernalis-3539923.jpg,vernalis
gs://bugoff-bucket1/hinton/Insecta/GenusSpecies/Anostirus/vernalis/Anostirus-vernalis-3550879.jpg,vernalis
gs://bugoff-bucket1/hinton/Insecta/GenusSpecies/Anostirus/vernalis/Anostirus-vernalis-7419516.jpg,vernalis
gs://bugoff-bucket1/hinton/Insecta/GenusSpecies/Anthracalaus/australis/Anthracalaus-australis-1429038.jpg,australis
gs://bugoff-bucket1/hinton/Insecta/GenusSpecies/Anthracopteryx/hiemalis/Anthracopteryx-hiemalis-6300622.jpg,hiemalis
gs://bugoff-bucket1/hinton/Insecta/GenusSpecies/Athous/axillaris/Athous-axillaris-3517000.jpg,axillaris
gs://bugoff-bucket1/hinton/Insecta/GenusSpecies/Athous/axillaris/Athous-axillaris-3985713.jpg,axillaris
gs://bugoff-bucket1/hinton/Insecta/GenusSpecies/Athous/axillaris/Athous-axillaris-4107629.jpg,axillaris
gs://bugoff-bucket1/hinton/Insecta/GenusSpecies/Athous/bicolor/Athous-bicolor-134532.jpg,bicolor
gs://bugoff-bucket1/hinton/Insecta/GenusSpecies/Athous/bicolor/Athous-bicolor-4057958.jpg,bicolor
gs://bugoff-bucket1/hinton/Insecta/GenusSpecies/Athous/brightwelli/Athous-brightwelli-1067419.jpg,brightwelli
gs://bugoff-bucket1/hinton/Insecta/GenusSpecies/Athous/brightwelli/Athous-brightwelli-2846239.jpg,brightwelli
gs://bugoff-bucket1/hinton/Insecta/GenusSpecies/Athous/brightwelli/Athous-brightwelli-3897720.jpg,brightwelli
gs://bugoff-bucket1/hinton/Insecta/GenusSpecies/Athous/cucullatus/Athous-cucullatus-1063936.jpg,cucullatus
gs://bugoff-bucket1/hinton/Insecta/GenusSpecies/Athous/cucullatus/Athous-cucullatus-4359042.jpg,cucullatus
gs://bugoff-bucket1/hinton/Insecta/GenusSpecies/Athous/haemorrhoidalis/Athous-haemorrhoidalis-134535.jpg,haemorrhoidalis
gs://bugoff-bucket1/hinton/Insecta/GenusSpecies/Athous/haemorrhoidalis/Athous-haemorrhoidalis-139875.jpg,haemorrhoidalis
gs://bugoff-bucket1/hinton/Insecta/GenusSpecies/Athous/haemorrhoidalis/Athous-haemorrhoidalis-1996613.jpg,haemorrhoidalis
gs://bugoff-bucket1/hinton/Insecta/GenusSpecies/Athous/haemorrhoidalis/Athous-haemorrhoidalis-1996614.jpg,haemorrhoidalis
gs://bugoff-bucket1/hinton/Insecta/GenusSpecies/Athous/haemorrhoidalis/Athous-haemorrhoidalis-1996615.jpg,haemorrhoidalis
gs://bugoff-bucket1/hinton/Insecta/GenusSpecies/Athous/haemorrhoidalis/Athous-haemorrhoidalis-2025412.jpg,haemorrhoidalis
gs://bugoff-bucket1/hinton/Insecta/GenusSpecies/Athous/haemorrhoidalis/Athous-haemorrhoidalis-3600490.jpg,haemorrhoidalis
gs://bugoff-bucket1/hinton/Insecta/GenusSpecies/Athous/haemorrhoidalis/Athous-haemorrhoidalis-3639414.jpg,haemorrhoidalis
gs://bugoff-bucket1/hinton/Insecta/GenusSpecies/Athous/haemorrhoidalis/Athous-haemorrhoidalis-3640064.jpg,haemorrhoidalis
gs://bugoff-bucket1/hinton/Insecta/GenusSpecies/Athous/haemorrhoidalis/Athous-haemorrhoidalis-3657043.jpg,haemorrhoidalis
gs://bugoff-bucket1/hinton/Insecta/GenusSpecies/Athous/haemorrhoidalis/Athous-haemorrhoidalis-3858873.jpg,haemorrhoidalis
gs://bugoff-bucket1/hinton/Insecta/GenusSpecies/Athous/haemorrhoidalis/Athous-haemorrhoidalis-3902457.jpg,haemorrhoidalis
gs://bugoff-bucket1/hinton/Insecta/GenusSpecies/Athous/haemorrhoidalis/Athous-haemorrhoidalis-4130646.jpg,haemorrhoidalis
gs://bugoff-bucket1/hinton/Insecta/GenusSpecies/Athous/haemorrhoidalis/Athous-haemorrhoidalis-4276424.jpg,haemorrhoidalis
gs://bugoff-bucket1/hinton/Insecta/GenusSpecies/Athous/haemorrhoidalis/Athous-haemorrhoidalis-7479830.jpg,haemorrhoidalis
gs://bugoff-bucket1/hinton/Insecta/GenusSpecies/Athous/haemorrhoidalis/Athous-haemorrhoidalis-7728542.jpg,haemorrhoidalis
gs://bugoff-bucket1/hinton/Insecta/GenusSpecies/Athous/haemorrhoidalis/Athous-haemorrhoidalis-7810482.jpg,haemorrhoidalis
gs://bugoff-bucket1/hinton/Insecta/GenusSpecies/Athous/haemorrhoidalis/Athous-haemorrhoidalis-7811341.jpg,haemorrhoidalis
gs://bugoff-bucket1/hinton/Insecta/GenusSpecies/Athous/haemorrhoidalis/Athous-haemorrhoidalis-7811350.jpg,haemorrhoidalis
gs://bugoff-bucket1/hinton/Insecta/GenusSpecies/Athous/haemorrhoidalis/Athous-haemorrhoidalis-7871157.jpg,haemorrhoidalis
gs://bugoff-bucket1/hinton/Insecta/GenusSpecies/Athous/haemorrhoidalis/Athous-haemorrhoidalis-7887979.jpg,haemorrhoidalis
gs://bugoff-bucket1/hinton/Insecta/GenusSpecies/Athous/haemorrhoidalis/Athous-haemorrhoidalis-7890988.jpg,haemorrhoidalis
gs://bugoff-bucket1/hinton/Insecta/GenusSpecies/Athous/haemorrhoidalis/Athous-haemorrhoidalis-7918426.jpg,haemorrhoidalis
gs://bugoff-bucket1/hinton/Insecta/GenusSpecies/Athous/haemorrhoidalis/Athous-haemorrhoidalis-7932585.jpg,haemorrhoidalis
gs://bugoff-bucket1/hinton/Insecta/GenusSpecies/Athous/haemorrhoidalis/Athous-haemorrhoidalis-7954183.jpg,haemorrhoidalis
gs://bugoff-bucket1/hinton/Insecta/GenusSpecies/Athous/haemorrhoidalis/Athous-haemorrhoidalis-7976609.jpg,haemorrhoidalis
gs://bugoff-bucket1/hinton/Insecta/GenusSpecies/Athous/neacanthus/Athous-neacanthus-2783679.jpg,neacanthus
gs://bugoff-bucket1/hinton/Insecta/GenusSpecies/Athous/scissus/Athous-scissus-2943463.jpg,scissus
gs://bugoff-bucket1/hinton/Insecta/GenusSpecies/Athous/scissus/Athous-scissus-2943473.jpg,scissus
gs://bugoff-bucket1/hinton/Insecta/GenusSpecies/Athous/silicensis/Athous-silicensis-134542.jpg,silicensis
gs://bugoff-bucket1/hinton/Insecta/GenusSpecies/Athous/subfuscus/Athous-subfuscus-3622308.jpg,subfuscus
gs://bugoff-bucket1/hinton/Insecta/GenusSpecies/Athous/subfuscus/Athous-subfuscus-3847156.jpg,subfuscus
gs://bugoff-bucket1/hinton/Insecta/GenusSpecies/Athous/subfuscus/Athous-subfuscus-4049114.jpg,subfuscus
gs://bugoff-bucket1/hinton/Insecta/GenusSpecies/Athous/vittatus/Athous-vittatus-134544.jpg,vittatus
gs://bugoff-bucket1/hinton/Insecta/GenusSpecies/Athous/vittatus/Athous-vittatus-7887666.jpg,vittatus
gs://bugoff-bucket1/hinton/Insecta/GenusSpecies/Athous/vittatus/Athous-vittatus-7917835.jpg,vittatus
gs://bugoff-bucket1/hinton/Insecta/GenusSpecies/Beckerus/appressus/Beckerus-appressus-4019957.jpg,appressus
gs://bugoff-bucket1/hinton/Insecta/GenusSpecies/Cardiophorus/bipunctatus/Cardiophorus-bipunctatus-2042823.jpg,bipunctatus
gs://bugoff-bucket1/hinton/Insecta/GenusSpecies/Cardiophorus/cardisce/Cardiophorus-cardisce-1672208.jpg,cardisce
gs://bugoff-bucket1/hinton/Insecta/GenusSpecies/Cardiophorus/cardisce/Cardiophorus-cardisce-6040922.jpg,cardisce
gs://bugoff-bucket1/hinton/Insecta/GenusSpecies/Cardiophorus/convexus/Cardiophorus-convexus-5567952.jpg,convexus
gs://bugoff-bucket1/hinton/Insecta/GenusSpecies/Cardiophorus/gramineus/Cardiophorus-gramineus-3458553.jpg,gramineus
gs://bugoff-bucket1/hinton/Insecta/GenusSpecies/Cardiophorus/signatus/Cardiophorus-signatus-2167217.jpg,signatus
gs://bugoff-bucket1/hinton/Insecta/GenusSpecies/Cardiophorus/togatus/Cardiophorus-togatus-3040639.jpg,togatus
gs://bugoff-bucket1/hinton/Insecta/GenusSpecies/Cardiophorus/togatus/Cardiophorus-togatus-3468882.jpg,togatus
gs://bugoff-bucket1/hinton/Insecta/GenusSpecies/Chalcolepidius/apacheanus/Chalcolepidius-apacheanus-3069847.jpg,apacheanus
gs://bugoff-bucket1/hinton/Insecta/GenusSpecies/Chalcolepidius/apacheanus/Chalcolepidius-apacheanus-3069858.jpg,apacheanus
gs://bugoff-bucket1/hinton/Insecta/GenusSpecies/Chalcolepidius/apacheanus/Chalcolepidius-apacheanus-4215454.jpg,apacheanus
gs://bugoff-bucket1/hinton/Insecta/GenusSpecies/Chalcolepidius/apacheanus/Chalcolepidius-apacheanus-4816377.jpg,apacheanus
gs://bugoff-bucket1/hinton/Insecta/GenusSpecies/Chalcolepidius/approximatus/Chalcolepidius-approximatus-4752503.jpg,approximatus
gs://bugoff-bucket1/hinton/Insecta/GenusSpecies/Chalcolepidius/approximatus/Chalcolepidius-approximatus-6183144.jpg,approximatus
gs://bugoff-bucket1/hinton/Insecta/GenusSpecies/Chalcolepidius/decemlineata/Chalcolepidius-decemlineata-5358625.jpg,decemlineata
gs://bugoff-bucket1/hinton/Insecta/GenusSpecies/Chalcolepidius/desmarestii/Chalcolepidius-desmarestii-2300088.jpg,desmarestii
gs://bugoff-bucket1/hinton/Insecta/GenusSpecies/Chalcolepidius/desmarestii/Chalcolepidius-desmarestii-6787998.jpg,desmarestii
gs://bugoff-bucket1/hinton/Insecta/GenusSpecies/Chalcolepidius/erythroloma/Chalcolepidius-erythroloma-3819616.jpg,erythroloma
gs://bugoff-bucket1/hinton/Insecta/GenusSpecies/Chalcolepidius/erythroloma/Chalcolepidius-erythroloma-4329663.jpg,erythroloma
gs://bugoff-bucket1/hinton/Insecta/GenusSpecies/Chalcolepidius/erythroloma/Chalcolepidius-erythroloma-5227989.jpg,erythroloma
gs://bugoff-bucket1/hinton/Insecta/GenusSpecies/Chalcolepidius/eschscholtzi/Chalcolepidius-eschscholtzi-6064673.jpg,eschscholtzi
gs://bugoff-bucket1/hinton/Insecta/GenusSpecies/Chalcolepidius/lenzi/Chalcolepidius-lenzi-3091273.jpg,lenzi
gs://bugoff-bucket1/hinton/Insecta/GenusSpecies/Chalcolepidius/limbatus/Chalcolepidius-limbatus-6905136.jpg,limbatus
gs://bugoff-bucket1/hinton/Insecta/GenusSpecies/Chalcolepidius/oxydatus/Chalcolepidius-oxydatus-7090710.jpg,oxydatus
gs://bugoff-bucket1/hinton/Insecta/GenusSpecies/Chalcolepidius/rubripennis/Chalcolepidius-rubripennis-1074788.jpg,rubripennis
gs://bugoff-bucket1/hinton/Insecta/GenusSpecies/Chalcolepidius/rubripennis/Chalcolepidius-rubripennis-3807229.jpg,rubripennis
gs://bugoff-bucket1/hinton/Insecta/GenusSpecies/Chalcolepidius/rubripennis/Chalcolepidius-rubripennis-4507567.jpg,rubripennis
gs://bugoff-bucket1/hinton/Insecta/GenusSpecies/Chalcolepidius/rubripennis/Chalcolepidius-rubripennis-4654137.jpg,rubripennis
gs://bugoff-bucket1/hinton/Insecta/GenusSpecies/Chalcolepidius/rubripennis/Chalcolepidius-rubripennis-5126925.jpg,rubripennis
gs://bugoff-bucket1/hinton/Insecta/GenusSpecies/Chalcolepidius/rubripennis/Chalcolepidius-rubripennis-7422142.jpg,rubripennis
gs://bugoff-bucket1/hinton/Insecta/GenusSpecies/Chalcolepidius/rugatus/Chalcolepidius-rugatus-5456827.jpg,rugatus
gs://bugoff-bucket1/hinton/Insecta/GenusSpecies/Chalcolepidius/rugatus/Chalcolepidius-rugatus-5744336.jpg,rugatus
gs://bugoff-bucket1/hinton/Insecta/GenusSpecies/Chalcolepidius/rugatus/Chalcolepidius-rugatus-6015506.jpg,rugatus
gs://bugoff-bucket1/hinton/Insecta/GenusSpecies/Chalcolepidius/rugatus/Chalcolepidius-rugatus-6177677.jpg,rugatus
gs://bugoff-bucket1/hinton/Insecta/GenusSpecies/Chalcolepidius/rugatus/Chalcolepidius-rugatus-6511563.jpg,rugatus
gs://bugoff-bucket1/hinton/Insecta/GenusSpecies/Chalcolepidius/rugatus/Chalcolepidius-rugatus-7492082.jpg,rugatus
gs://bugoff-bucket1/hinton/Insecta/GenusSpecies/Chalcolepidius/silbermanni/Chalcolepidius-silbermanni-2539254.jpg,silbermanni
gs://bugoff-bucket1/hinton/Insecta/GenusSpecies/Chalcolepidius/silbermanni/Chalcolepidius-silbermanni-4382525.jpg,silbermanni
gs://bugoff-bucket1/hinton/Insecta/GenusSpecies/Chalcolepidius/silbermanni/Chalcolepidius-silbermanni-5661200.jpg,silbermanni
gs://bugoff-bucket1/hinton/Insecta/GenusSpecies/Chalcolepidius/virginalis/Chalcolepidius-virginalis-3101672.jpg,virginalis
gs://bugoff-bucket1/hinton/Insecta/GenusSpecies/Chalcolepidius/virginalis/Chalcolepidius-virginalis-3670421.jpg,virginalis
gs://bugoff-bucket1/hinton/Insecta/GenusSpecies/Chalcolepidius/virginalis/Chalcolepidius-virginalis-4267921.jpg,virginalis
gs://bugoff-bucket1/hinton/Insecta/GenusSpecies/Chalcolepidius/virginalis/Chalcolepidius-virginalis-4752611.jpg,virginalis
gs://bugoff-bucket1/hinton/Insecta/GenusSpecies/Chalcolepidius/virginalis/Chalcolepidius-virginalis-4759402.jpg,virginalis
gs://bugoff-bucket1/hinton/Insecta/GenusSpecies/Chalcolepidius/virginalis/Chalcolepidius-virginalis-4830748.jpg,virginalis
gs://bugoff-bucket1/hinton/Insecta/GenusSpecies/Chalcolepidius/virginalis/Chalcolepidius-virginalis-525979.jpg,virginalis
gs://bugoff-bucket1/hinton/Insecta/GenusSpecies/Chalcolepidius/viridipilis/Chalcolepidius-viridipilis-3958287.jpg,viridipilis
gs://bugoff-bucket1/hinton/Insecta/GenusSpecies/Chalcolepidius/viridipilis/Chalcolepidius-viridipilis-4216566.jpg,viridipilis
gs://bugoff-bucket1/hinton/Insecta/GenusSpecies/Chalcolepidius/viridipilis/Chalcolepidius-viridipilis-4391299.jpg,viridipilis
gs://bugoff-bucket1/hinton/Insecta/GenusSpecies/Chalcolepidius/viridipilis/Chalcolepidius-viridipilis-7735926.jpg,viridipilis
gs://bugoff-bucket1/hinton/Insecta/GenusSpecies/Chalcolepidius/webbi/Chalcolepidius-webbi-201470.jpg,webbi
gs://bugoff-bucket1/hinton/Insecta/GenusSpecies/Chalcolepidius/webbi/Chalcolepidius-webbi-4713083.jpg,webbi
gs://bugoff-bucket1/hinton/Insecta/GenusSpecies/Chalcolepidius/zonatus/Chalcolepidius-zonatus-406691.jpg,zonatus
gs://bugoff-bucket1/hinton/Insecta/GenusSpecies/Chalcolepidius/zonatus/Chalcolepidius-zonatus-5801990.jpg,zonatus
gs://bugoff-bucket1/hinton/Insecta/GenusSpecies/Chalcolepidius/zonatus/Chalcolepidius-zonatus-7125223.jpg,zonatus
gs://bugoff-bucket1/hinton/Insecta/GenusSpecies/Chalcolepidius/zonatus/Chalcolepidius-zonatus-7419230.jpg,zonatus
gs://bugoff-bucket1/hinton/Insecta/GenusSpecies/Conoderus/auritus/Conoderus-auritus-7597928.jpg,auritus
gs://bugoff-bucket1/hinton/Insecta/GenusSpecies/Conoderus/bellus/Conoderus-bellus-1019205.jpg,bellus
gs://bugoff-bucket1/hinton/Insecta/GenusSpecies/Conoderus/bellus/Conoderus-bellus-1105311.jpg,bellus
gs://bugoff-bucket1/hinton/Insecta/GenusSpecies/Conoderus/bellus/Conoderus-bellus-2054746.jpg,bellus
gs://bugoff-bucket1/hinton/Insecta/GenusSpecies/Conoderus/bellus/Conoderus-bellus-2161319.jpg,bellus
gs://bugoff-bucket1/hinton/Insecta/GenusSpecies/Conoderus/bellus/Conoderus-bellus-2209329.jpg,bellus
gs://bugoff-bucket1/hinton/Insecta/GenusSpecies/Conoderus/bellus/Conoderus-bellus-2209334.jpg,bellus
gs://bugoff-bucket1/hinton/Insecta/GenusSpecies/Conoderus/bellus/Conoderus-bellus-2308424.jpg,bellus
gs://bugoff-bucket1/hinton/Insecta/GenusSpecies/Conoderus/bellus/Conoderus-bellus-2333977.jpg,bellus
gs://bugoff-bucket1/hinton/Insecta/GenusSpecies/Conoderus/bellus/Conoderus-bellus-2391272.jpg,bellus
gs://bugoff-bucket1/hinton/Insecta/GenusSpecies/Conoderus/bellus/Conoderus-bellus-2391281.jpg,bellus
gs://bugoff-bucket1/hinton/Insecta/GenusSpecies/Conoderus/bellus/Conoderus-bellus-3099147.jpg,bellus
gs://bugoff-bucket1/hinton/Insecta/GenusSpecies/Conoderus/bellus/Conoderus-bellus-3833821.jpg,bellus
gs://bugoff-bucket1/hinton/Insecta/GenusSpecies/Conoderus/bellus/Conoderus-bellus-3897709.jpg,bellus
gs://bugoff-bucket1/hinton/Insecta/GenusSpecies/Conoderus/bellus/Conoderus-bellus-4067536.jpg,bellus
gs://bugoff-bucket1/hinton/Insecta/GenusSpecies/Conoderus/bellus/Conoderus-bellus-4346665.jpg,bellus
gs://bugoff-bucket1/hinton/Insecta/GenusSpecies/Conoderus/bellus/Conoderus-bellus-4476613.jpg,bellus
gs://bugoff-bucket1/hinton/Insecta/GenusSpecies/Conoderus/bellus/Conoderus-bellus-4478279.jpg,bellus
gs://bugoff-bucket1/hinton/Insecta/GenusSpecies/Conoderus/bellus/Conoderus-bellus-4482654.jpg,bellus
gs://bugoff-bucket1/hinton/Insecta/GenusSpecies/Conoderus/bellus/Conoderus-bellus-4493947.jpg,bellus
gs://bugoff-bucket1/hinton/Insecta/GenusSpecies/Conoderus/bellus/Conoderus-bellus-4501087.jpg,bellus
gs://bugoff-bucket1/hinton/Insecta/GenusSpecies/Conoderus/bellus/Conoderus-bellus-4577689.jpg,bellus
gs://bugoff-bucket1/hinton/Insecta/GenusSpecies/Conoderus/bellus/Conoderus-bellus-4636620.jpg,bellus
gs://bugoff-bucket1/hinton/Insecta/GenusSpecies/Conoderus/bellus/Conoderus-bellus-5024123.jpg,bellus
gs://bugoff-bucket1/hinton/Insecta/GenusSpecies/Conoderus/bellus/Conoderus-bellus-5160032.jpg,bellus
gs://bugoff-bucket1/hinton/Insecta/GenusSpecies/Conoderus/bellus/Conoderus-bellus-5879123.jpg,bellus
gs://bugoff-bucket1/hinton/Insecta/GenusSpecies/Conoderus/bellus/Conoderus-bellus-7226467.jpg,bellus
gs://bugoff-bucket1/hinton/Insecta/GenusSpecies/Conoderus/exsul/Conoderus-exsul-1223694.jpg,exsul
gs://bugoff-bucket1/hinton/Insecta/GenusSpecies/Conoderus/exsul/Conoderus-exsul-1233756.jpg,exsul
gs://bugoff-bucket1/hinton/Insecta/GenusSpecies/Conoderus/exsul/Conoderus-exsul-1258577.jpg,exsul
gs://bugoff-bucket1/hinton/Insecta/GenusSpecies/Conoderus/exsul/Conoderus-exsul-1262819.jpg,exsul
gs://bugoff-bucket1/hinton/Insecta/GenusSpecies/Conoderus/exsul/Conoderus-exsul-1632137.jpg,exsul
gs://bugoff-bucket1/hinton/Insecta/GenusSpecies/Conoderus/exsul/Conoderus-exsul-1755818.jpg,exsul
gs://bugoff-bucket1/hinton/Insecta/GenusSpecies/Conoderus/exsul/Conoderus-exsul-1886694.jpg,exsul
gs://bugoff-bucket1/hinton/Insecta/GenusSpecies/Conoderus/exsul/Conoderus-exsul-1935213.jpg,exsul
gs://bugoff-bucket1/hinton/Insecta/GenusSpecies/Conoderus/exsul/Conoderus-exsul-1935229.jpg,exsul
gs://bugoff-bucket1/hinton/Insecta/GenusSpecies/Conoderus/exsul/Conoderus-exsul-2226668.jpg,exsul
gs://bugoff-bucket1/hinton/Insecta/GenusSpecies/Conoderus/exsul/Conoderus-exsul-2516732.jpg,exsul
gs://bugoff-bucket1/hinton/Insecta/GenusSpecies/Conoderus/exsul/Conoderus-exsul-2892102.jpg,exsul
gs://bugoff-bucket1/hinton/Insecta/GenusSpecies/Conoderus/exsul/Conoderus-exsul-2938326.jpg,exsul
gs://bugoff-bucket1/hinton/Insecta/GenusSpecies/Conoderus/exsul/Conoderus-exsul-2967089.jpg,exsul
gs://bugoff-bucket1/hinton/Insecta/GenusSpecies/Conoderus/exsul/Conoderus-exsul-2999026.jpg,exsul
gs://bugoff-bucket1/hinton/Insecta/GenusSpecies/Conoderus/exsul/Conoderus-exsul-3085436.jpg,exsul
gs://bugoff-bucket1/hinton/Insecta/GenusSpecies/Conoderus/exsul/Conoderus-exsul-321022.jpg,exsul
gs://bugoff-bucket1/hinton/Insecta/GenusSpecies/Conoderus/exsul/Conoderus-exsul-6312664.jpg,exsul
gs://bugoff-bucket1/hinton/Insecta/GenusSpecies/Conoderus/exsul/Conoderus-exsul-6323563.jpg,exsul
gs://bugoff-bucket1/hinton/Insecta/GenusSpecies/Conoderus/exsul/Conoderus-exsul-6808940.jpg,exsul
gs://bugoff-bucket1/hinton/Insecta/GenusSpecies/Conoderus/falli/Conoderus-falli-3873063.jpg,falli
gs://bugoff-bucket1/hinton/Insecta/GenusSpecies/Conoderus/falli/Conoderus-falli-3926537.jpg,falli
gs://bugoff-bucket1/hinton/Insecta/GenusSpecies/Conoderus/falli/Conoderus-falli-3926541.jpg,falli
gs://bugoff-bucket1/hinton/Insecta/GenusSpecies/Conoderus/lividus/Conoderus-lividus-2200836.jpg,lividus
gs://bugoff-bucket1/hinton/Insecta/GenusSpecies/Conoderus/lividus/Conoderus-lividus-4099877.jpg,lividus
gs://bugoff-bucket1/hinton/Insecta/GenusSpecies/Conoderus/lividus/Conoderus-lividus-4265212.jpg,lividus
gs://bugoff-bucket1/hinton/Insecta/GenusSpecies/Conoderus/lividus/Conoderus-lividus-4471946.jpg,lividus
gs://bugoff-bucket1/hinton/Insecta/GenusSpecies/Conoderus/lividus/Conoderus-lividus-4516657.jpg,lividus
gs://bugoff-bucket1/hinton/Insecta/GenusSpecies/Conoderus/lividus/Conoderus-lividus-4528150.jpg,lividus
gs://bugoff-bucket1/hinton/Insecta/GenusSpecies/Conoderus/lividus/Conoderus-lividus-5641036.jpg,lividus
gs://bugoff-bucket1/hinton/Insecta/GenusSpecies/Conoderus/parallelus/Conoderus-parallelus-2196064.jpg,parallelus
gs://bugoff-bucket1/hinton/Insecta/GenusSpecies/Conoderus/parallelus/Conoderus-parallelus-7741550.jpg,parallelus
gs://bugoff-bucket1/hinton/Insecta/GenusSpecies/Conoderus/pilatei/Conoderus-pilatei-1916942.jpg,pilatei
gs://bugoff-bucket1/hinton/Insecta/GenusSpecies/Conoderus/posticus/Conoderus-posticus-1209726.jpg,posticus
gs://bugoff-bucket1/hinton/Insecta/GenusSpecies/Conoderus/posticus/Conoderus-posticus-5057791.jpg,posticus
gs://bugoff-bucket1/hinton/Insecta/GenusSpecies/Conoderus/scalaris/Conoderus-scalaris-1390113.jpg,scalaris
gs://bugoff-bucket1/hinton/Insecta/GenusSpecies/Conoderus/vespertinus/Conoderus-vespertinus-1006677.jpg,vespertinus
gs://bugoff-bucket1/hinton/Insecta/GenusSpecies/Conoderus/vespertinus/Conoderus-vespertinus-1572904.jpg,vespertinus
gs://bugoff-bucket1/hinton/Insecta/GenusSpecies/Conoderus/vespertinus/Conoderus-vespertinus-4193241.jpg,vespertinus
gs://bugoff-bucket1/hinton/Insecta/GenusSpecies/Conoderus/vespertinus/Conoderus-vespertinus-4488725.jpg,vespertinus
gs://bugoff-bucket1/hinton/Insecta/GenusSpecies/Corymbitodes/pygmaeus/Corymbitodes-pygmaeus-5696396.jpg,pygmaeus
gs://bugoff-bucket1/hinton/Insecta/GenusSpecies/Corymbitodes/spinosus/Corymbitodes-spinosus-4004239.jpg,spinosus
gs://bugoff-bucket1/hinton/Insecta/GenusSpecies/Corymbitodes/tarsalis/Corymbitodes-tarsalis-330122.jpg,tarsalis
gs://bugoff-bucket1/hinton/Insecta/GenusSpecies/Ctenicera/aeripennis/Ctenicera-aeripennis-4707196.jpg,aeripennis
gs://bugoff-bucket1/hinton/Insecta/GenusSpecies/Ctenicera/aeripennis/Ctenicera-aeripennis-5022847.jpg,aeripennis
gs://bugoff-bucket1/hinton/Insecta/GenusSpecies/Ctenicera/destructor/Ctenicera-destructor-5265352.jpg,destructor
gs://bugoff-bucket1/hinton/Insecta/GenusSpecies/Ctenicera/pectinicornis/Ctenicera-pectinicornis-3780715.jpg,pectinicornis
gs://bugoff-bucket1/hinton/Insecta/GenusSpecies/Ctenicera/pectinicornis/Ctenicera-pectinicornis-6250695.jpg,pectinicornis
gs://bugoff-bucket1/hinton/Insecta/GenusSpecies/Ctenicera/pectinicornis/Ctenicera-pectinicornis-7799183.jpg,pectinicornis
gs://bugoff-bucket1/hinton/Insecta/GenusSpecies/Ctenicera/pectinicornis/Ctenicera-pectinicornis-7976767.jpg,pectinicornis
gs://bugoff-bucket1/hinton/Insecta/GenusSpecies/Ctenicera/pyrrhos/Ctenicera-pyrrhos-5307267.jpg,pyrrhos
gs://bugoff-bucket1/hinton/Insecta/GenusSpecies/Ctenicera/resplendens/Ctenicera-resplendens-1004996.jpg,resplendens
gs://bugoff-bucket1/hinton/Insecta/GenusSpecies/Ctenicera/resplendens/Ctenicera-resplendens-1957973.jpg,resplendens
gs://bugoff-bucket1/hinton/Insecta/GenusSpecies/Ctenicera/resplendens/Ctenicera-resplendens-2018114.jpg,resplendens
gs://bugoff-bucket1/hinton/Insecta/GenusSpecies/Ctenicera/resplendens/Ctenicera-resplendens-2250150.jpg,resplendens
gs://bugoff-bucket1/hinton/Insecta/GenusSpecies/Ctenicera/resplendens/Ctenicera-resplendens-2526283.jpg,resplendens
gs://bugoff-bucket1/hinton/Insecta/GenusSpecies/Ctenicera/resplendens/Ctenicera-resplendens-3315634.jpg,resplendens
gs://bugoff-bucket1/hinton/Insecta/GenusSpecies/Dalopius/marginatus/Dalopius-marginatus-2025393.jpg,marginatus
gs://bugoff-bucket1/hinton/Insecta/GenusSpecies/Dalopius/marginatus/Dalopius-marginatus-3462696.jpg,marginatus
gs://bugoff-bucket1/hinton/Insecta/GenusSpecies/Dalopius/marginatus/Dalopius-marginatus-3538397.jpg,marginatus
gs://bugoff-bucket1/hinton/Insecta/GenusSpecies/Dalopius/marginatus/Dalopius-marginatus-3657049.jpg,marginatus
gs://bugoff-bucket1/hinton/Insecta/GenusSpecies/Dalopius/vetulus/Dalopius-vetulus-7406633.jpg,vetulus
gs://bugoff-bucket1/hinton/Insecta/GenusSpecies/Danosoma/brevicorne/Danosoma-brevicorne-3887264.jpg,brevicorne
gs://bugoff-bucket1/hinton/Insecta/GenusSpecies/Danosoma/brevicorne/Danosoma-brevicorne-4652433.jpg,brevicorne
gs://bugoff-bucket1/hinton/Insecta/GenusSpecies/Danosoma/brevicorne/Danosoma-brevicorne-5971999.jpg,brevicorne
gs://bugoff-bucket1/hinton/Insecta/GenusSpecies/Deilelater/havaniensis/Deilelater-havaniensis-1877132.jpg,havaniensis
gs://bugoff-bucket1/hinton/Insecta/GenusSpecies/Deilelater/physoderus/Deilelater-physoderus-1297926.jpg,physoderus
gs://bugoff-bucket1/hinton/Insecta/GenusSpecies/Deilelater/physoderus/Deilelater-physoderus-2242719.jpg,physoderus
gs://bugoff-bucket1/hinton/Insecta/GenusSpecies/Deilelater/physoderus/Deilelater-physoderus-2277625.jpg,physoderus
gs://bugoff-bucket1/hinton/Insecta/GenusSpecies/Deilelater/physoderus/Deilelater-physoderus-3069817.jpg,physoderus
gs://bugoff-bucket1/hinton/Insecta/GenusSpecies/Deilelater/physoderus/Deilelater-physoderus-316103.jpg,physoderus
gs://bugoff-bucket1/hinton/Insecta/GenusSpecies/Deilelater/physoderus/Deilelater-physoderus-3890293.jpg,physoderus
gs://bugoff-bucket1/hinton/Insecta/GenusSpecies/Deilelater/physoderus/Deilelater-physoderus-3890296.jpg,physoderus
gs://bugoff-bucket1/hinton/Insecta/GenusSpecies/Deilelater/physoderus/Deilelater-physoderus-4830669.jpg,physoderus
gs://bugoff-bucket1/hinton/Insecta/GenusSpecies/Deilelater/physoderus/Deilelater-physoderus-4923778.jpg,physoderus
gs://bugoff-bucket1/hinton/Insecta/GenusSpecies/Deilelater/physoderus/Deilelater-physoderus-4980082.jpg,physoderus
gs://bugoff-bucket1/hinton/Insecta/GenusSpecies/Deilelater/physoderus/Deilelater-physoderus-4982000.jpg,physoderus
gs://bugoff-bucket1/hinton/Insecta/GenusSpecies/Deilelater/physoderus/Deilelater-physoderus-6991233.jpg,physoderus
gs://bugoff-bucket1/hinton/Insecta/GenusSpecies/Denticollis/denticornis/Denticollis-denticornis-4148143.jpg,denticornis
gs://bugoff-bucket1/hinton/Insecta/GenusSpecies/Denticollis/linearis/Denticollis-linearis-5894389.jpg,linearis
gs://bugoff-bucket1/hinton/Insecta/GenusSpecies/Denticollis/linearis/Denticollis-linearis-7613584.jpg,linearis
gs://bugoff-bucket1/hinton/Insecta/GenusSpecies/Dicrepidius/corvinus/Dicrepidius-corvinus-1082286.jpg,corvinus
gs://bugoff-bucket1/hinton/Insecta/GenusSpecies/Dicrepidius/corvinus/Dicrepidius-corvinus-1179016.jpg,corvinus
gs://bugoff-bucket1/hinton/Insecta/GenusSpecies/Dicrepidius/corvinus/Dicrepidius-corvinus-2215965.jpg,corvinus
gs://bugoff-bucket1/hinton/Insecta/GenusSpecies/Dicrepidius/palmatus/Dicrepidius-palmatus-3977542.jpg,palmatus
gs://bugoff-bucket1/hinton/Insecta/GenusSpecies/Dicrepidius/palmatus/Dicrepidius-palmatus-3977543.jpg,palmatus
gs://bugoff-bucket1/hinton/Insecta/GenusSpecies/Dicrepidius/palmatus/Dicrepidius-palmatus-4333175.jpg,palmatus
gs://bugoff-bucket1/hinton/Insecta/GenusSpecies/Diplostethus/carolinensis/Diplostethus-carolinensis-4719260.jpg,carolinensis
gs://bugoff-bucket1/hinton/Insecta/GenusSpecies/Diplostethus/opacicollis/Diplostethus-opacicollis-4216298.jpg,opacicollis
gs://bugoff-bucket1/hinton/Insecta/GenusSpecies/Diplostethus/peninsularis/Diplostethus-peninsularis-5113701.jpg,peninsularis
gs://bugoff-bucket1/hinton/Insecta/GenusSpecies/Diplostethus/texanus/Diplostethus-texanus-1084173.jpg,texanus
gs://bugoff-bucket1/hinton/Insecta/GenusSpecies/Diplostethus/texanus/Diplostethus-texanus-1087548.jpg,texanus
gs://bugoff-bucket1/hinton/Insecta/GenusSpecies/Diplostethus/texanus/Diplostethus-texanus-1114112.jpg,texanus
gs://bugoff-bucket1/hinton/Insecta/GenusSpecies/Diplostethus/texanus/Diplostethus-texanus-1309799.jpg,texanus
gs://bugoff-bucket1/hinton/Insecta/GenusSpecies/Diplostethus/texanus/Diplostethus-texanus-2103215.jpg,texanus
gs://bugoff-bucket1/hinton/Insecta/GenusSpecies/Diplostethus/texanus/Diplostethus-texanus-2328503.jpg,texanus
gs://bugoff-bucket1/hinton/Insecta/GenusSpecies/Diplostethus/texanus/Diplostethus-texanus-3232205.jpg,texanus
gs://bugoff-bucket1/hinton/Insecta/GenusSpecies/Diplostethus/texanus/Diplostethus-texanus-3316671.jpg,texanus
gs://bugoff-bucket1/hinton/Insecta/GenusSpecies/Diplostethus/texanus/Diplostethus-texanus-4124087.jpg,texanus
gs://bugoff-bucket1/hinton/Insecta/GenusSpecies/Diplostethus/texanus/Diplostethus-texanus-4126956.jpg,texanus
gs://bugoff-bucket1/hinton/Insecta/GenusSpecies/Diplostethus/texanus/Diplostethus-texanus-4364818.jpg,texanus
gs://bugoff-bucket1/hinton/Insecta/GenusSpecies/Diplostethus/texanus/Diplostethus-texanus-4389300.jpg,texanus
gs://bugoff-bucket1/hinton/Insecta/GenusSpecies/Diplostethus/texanus/Diplostethus-texanus-4587817.jpg,texanus
gs://bugoff-bucket1/hinton/Insecta/GenusSpecies/Diplostethus/texanus/Diplostethus-texanus-4630386.jpg,texanus
gs://bugoff-bucket1/hinton/Insecta/GenusSpecies/Diplostethus/texanus/Diplostethus-texanus-507864.jpg,texanus
gs://bugoff-bucket1/hinton/Insecta/GenusSpecies/Diplostethus/texanus/Diplostethus-texanus-6669954.jpg,texanus
gs://bugoff-bucket1/hinton/Insecta/GenusSpecies/Diplostethus/texanus/Diplostethus-texanus-7023706.jpg,texanus
gs://bugoff-bucket1/hinton/Insecta/GenusSpecies/Diplostethus/texanus/Diplostethus-texanus-7203586.jpg,texanus
gs://bugoff-bucket1/hinton/Insecta/GenusSpecies/Diplostethus/texanus/Diplostethus-texanus-7211909.jpg,texanus
gs://bugoff-bucket1/hinton/Insecta/GenusSpecies/Diplostethus/texanus/Diplostethus-texanus-7310371.jpg,texanus
gs://bugoff-bucket1/hinton/Insecta/GenusSpecies/Diplostethus/texanus/Diplostethus-texanus-7847382.jpg,texanus
gs://bugoff-bucket1/hinton/Insecta/GenusSpecies/Dipropus/simplex/Dipropus-simplex-3927473.jpg,simplex
gs://bugoff-bucket1/hinton/Insecta/GenusSpecies/Dipropus/simplex/Dipropus-simplex-3958285.jpg,simplex
gs://bugoff-bucket1/hinton/Insecta/GenusSpecies/Dolerosomus/silaceus/Dolerosomus-silaceus-768305.jpg,silaceus
gs://bugoff-bucket1/hinton/Insecta/GenusSpecies/Dolerosomus/silaceus/Dolerosomus-silaceus-7684602.jpg,silaceus
gs://bugoff-bucket1/hinton/Insecta/GenusSpecies/Elater/ferrugineus/Elater-ferrugineus-5852812.jpg,ferrugineus
gs://bugoff-bucket1/hinton/Insecta/GenusSpecies/Elater/lecontei/Elater-lecontei-3097480.jpg,lecontei
gs://bugoff-bucket1/hinton/Insecta/GenusSpecies/Elater/mixtus/Elater-mixtus-7245380.jpg,mixtus
gs://bugoff-bucket1/hinton/Insecta/GenusSpecies/Elater/texanus/Elater-texanus-2179480.jpg,texanus
gs://bugoff-bucket1/hinton/Insecta/GenusSpecies/Esthesopus/parcus/Esthesopus-parcus-2295809.jpg,parcus
gs://bugoff-bucket1/hinton/Insecta/GenusSpecies/Esthesopus/parcus/Esthesopus-parcus-3873062.jpg,parcus
gs://bugoff-bucket1/hinton/Insecta/GenusSpecies/Esthesopus/parcus/Esthesopus-parcus-3926535.jpg,parcus
gs://bugoff-bucket1/hinton/Insecta/GenusSpecies/Euthysanius/lautus/Euthysanius-lautus-397195.jpg,lautus
gs://bugoff-bucket1/hinton/Insecta/GenusSpecies/Glyphonyx/inquinatus/Glyphonyx-inquinatus-1005291.jpg,inquinatus
gs://bugoff-bucket1/hinton/Insecta/GenusSpecies/Glyphonyx/recticollis/Glyphonyx-recticollis-3977541.jpg,recticollis
gs://bugoff-bucket1/hinton/Insecta/GenusSpecies/Hadromorphus/glaucus/Hadromorphus-glaucus-7876131.jpg,glaucus
gs://bugoff-bucket1/hinton/Insecta/GenusSpecies/Hadromorphus/inflatus/Hadromorphus-inflatus-3238309.jpg,inflatus
gs://bugoff-bucket1/hinton/Insecta/GenusSpecies/Hemicrepidius/cinereus/Hemicrepidius-cinereus-3639074.jpg,cinereus
gs://bugoff-bucket1/hinton/Insecta/GenusSpecies/Hemicrepidius/hemipodus/Hemicrepidius-hemipodus-2468946.jpg,hemipodus
gs://bugoff-bucket1/hinton/Insecta/GenusSpecies/Hemicrepidius/hemipodus/Hemicrepidius-hemipodus-5867689.jpg,hemipodus
gs://bugoff-bucket1/hinton/Insecta/GenusSpecies/Hemicrepidius/hirtus/Hemicrepidius-hirtus-6311898.jpg,hirtus
gs://bugoff-bucket1/hinton/Insecta/GenusSpecies/Hemicrepidius/memnonius/Hemicrepidius-memnonius-3971049.jpg,memnonius
gs://bugoff-bucket1/hinton/Insecta/GenusSpecies/Hemicrepidius/memnonius/Hemicrepidius-memnonius-4031302.jpg,memnonius
gs://bugoff-bucket1/hinton/Insecta/GenusSpecies/Hemicrepidius/memnonius/Hemicrepidius-memnonius-4183883.jpg,memnonius
gs://bugoff-bucket1/hinton/Insecta/GenusSpecies/Hemicrepidius/memnonius/Hemicrepidius-memnonius-4198095.jpg,memnonius
gs://bugoff-bucket1/hinton/Insecta/GenusSpecies/Hemicrepidius/memnonius/Hemicrepidius-memnonius-4205463.jpg,memnonius
gs://bugoff-bucket1/hinton/Insecta/GenusSpecies/Hemicrepidius/memnonius/Hemicrepidius-memnonius-4333845.jpg,memnonius
gs://bugoff-bucket1/hinton/Insecta/GenusSpecies/Hemicrepidius/memnonius/Hemicrepidius-memnonius-4367196.jpg,memnonius
gs://bugoff-bucket1/hinton/Insecta/GenusSpecies/Hemicrepidius/memnonius/Hemicrepidius-memnonius-4407194.jpg,memnonius
gs://bugoff-bucket1/hinton/Insecta/GenusSpecies/Hemicrepidius/memnonius/Hemicrepidius-memnonius-5347239.jpg,memnonius
gs://bugoff-bucket1/hinton/Insecta/GenusSpecies/Hemicrepidius/memnonius/Hemicrepidius-memnonius-6631602.jpg,memnonius
gs://bugoff-bucket1/hinton/Insecta/GenusSpecies/Hemicrepidius/morio/Hemicrepidius-morio-2943492.jpg,morio
gs://bugoff-bucket1/hinton/Insecta/GenusSpecies/Hemicrepidius/niger/Hemicrepidius-niger-4042086.jpg,niger
gs://bugoff-bucket1/hinton/Insecta/GenusSpecies/Hemicrepidius/niger/Hemicrepidius-niger-6271037.jpg,niger
gs://bugoff-bucket1/hinton/Insecta/GenusSpecies/Heteroderes/amplicollis/Heteroderes-amplicollis-1392632.jpg,amplicollis
gs://bugoff-bucket1/hinton/Insecta/GenusSpecies/Heteroderes/amplicollis/Heteroderes-amplicollis-4045203.jpg,amplicollis
gs://bugoff-bucket1/hinton/Insecta/GenusSpecies/Heteroderes/amplicollis/Heteroderes-amplicollis-5879188.jpg,amplicollis
gs://bugoff-bucket1/hinton/Insecta/GenusSpecies/Heteroderes/exsul/Heteroderes-exsul-1114546.jpg,exsul
gs://bugoff-bucket1/hinton/Insecta/GenusSpecies/Heteroderes/exsul/Heteroderes-exsul-2186140.jpg,exsul
gs://bugoff-bucket1/hinton/Insecta/GenusSpecies/Heteroderes/exsul/Heteroderes-exsul-2335476.jpg,exsul
gs://bugoff-bucket1/hinton/Insecta/GenusSpecies/Heteroderes/exsul/Heteroderes-exsul-4408467.jpg,exsul
gs://bugoff-bucket1/hinton/Insecta/GenusSpecies/Heteroderes/exsul/Heteroderes-exsul-6847436.jpg,exsul
gs://bugoff-bucket1/hinton/Insecta/GenusSpecies/Heteroderes/exsul/Heteroderes-exsul-6848201.jpg,exsul
gs://bugoff-bucket1/hinton/Insecta/GenusSpecies/Heteroderes/falli/Heteroderes-falli-2185931.jpg,falli
gs://bugoff-bucket1/hinton/Insecta/GenusSpecies/Horistonotus/curiatus/Horistonotus-curiatus-3674599.jpg,curiatus
gs://bugoff-bucket1/hinton/Insecta/GenusSpecies/Horistonotus/curiatus/Horistonotus-curiatus-4092613.jpg,curiatus
gs://bugoff-bucket1/hinton/Insecta/GenusSpecies/Horistonotus/curiatus/Horistonotus-curiatus-5528629.jpg,curiatus
gs://bugoff-bucket1/hinton/Insecta/GenusSpecies/Horistonotus/simplex/Horistonotus-simplex-1110724.jpg,simplex
gs://bugoff-bucket1/hinton/Insecta/GenusSpecies/Horistonotus/simplex/Horistonotus-simplex-1132462.jpg,simplex
gs://bugoff-bucket1/hinton/Insecta/GenusSpecies/Horistonotus/simplex/Horistonotus-simplex-1308405.jpg,simplex
gs://bugoff-bucket1/hinton/Insecta/GenusSpecies/Horistonotus/simplex/Horistonotus-simplex-2106192.jpg,simplex
gs://bugoff-bucket1/hinton/Insecta/GenusSpecies/Horistonotus/simplex/Horistonotus-simplex-2160502.jpg,simplex
gs://bugoff-bucket1/hinton/Insecta/GenusSpecies/Horistonotus/simplex/Horistonotus-simplex-2965257.jpg,simplex
gs://bugoff-bucket1/hinton/Insecta/GenusSpecies/Hypnoidus/bicolor/Hypnoidus-bicolor-5265506.jpg,bicolor
gs://bugoff-bucket1/hinton/Insecta/GenusSpecies/Hypnoidus/riparius/Hypnoidus-riparius-137037.jpg,riparius
gs://bugoff-bucket1/hinton/Insecta/GenusSpecies/Hypoganus/sulcicollis/Hypoganus-sulcicollis-5357158.jpg,sulcicollis
gs://bugoff-bucket1/hinton/Insecta/GenusSpecies/Idolus/columbiana/Idolus-columbiana-7845727.jpg,columbiana
gs://bugoff-bucket1/hinton/Insecta/GenusSpecies/Ignelater/havaniensis/Ignelater-havaniensis-4458432.jpg,havaniensis
gs://bugoff-bucket1/hinton/Insecta/GenusSpecies/Lacon/discoideus/Lacon-discoideus-1870200.jpg,discoideus
gs://bugoff-bucket1/hinton/Insecta/GenusSpecies/Lacon/discoideus/Lacon-discoideus-4491155.jpg,discoideus
gs://bugoff-bucket1/hinton/Insecta/GenusSpecies/Lacon/discoideus/Lacon-discoideus-6397270.jpg,discoideus
gs://bugoff-bucket1/hinton/Insecta/GenusSpecies/Lacon/discoideus/Lacon-discoideus-6753681.jpg,discoideus
gs://bugoff-bucket1/hinton/Insecta/GenusSpecies/Lacon/discoideus/Lacon-discoideus-7735925.jpg,discoideus
gs://bugoff-bucket1/hinton/Insecta/GenusSpecies/Lacon/marmoratus/Lacon-marmoratus-7582191.jpg,marmoratus
gs://bugoff-bucket1/hinton/Insecta/GenusSpecies/Lacon/punctatus/Lacon-punctatus-1522484.jpg,punctatus
gs://bugoff-bucket1/hinton/Insecta/GenusSpecies/Lacon/punctatus/Lacon-punctatus-4804208.jpg,punctatus
gs://bugoff-bucket1/hinton/Insecta/GenusSpecies/Lacon/punctatus/Lacon-punctatus-7579638.jpg,punctatus
gs://bugoff-bucket1/hinton/Insecta/GenusSpecies/Lacon/quercus/Lacon-quercus-3627172.jpg,quercus
gs://bugoff-bucket1/hinton/Insecta/GenusSpecies/Lacon/quercus/Lacon-quercus-4186835.jpg,quercus
gs://bugoff-bucket1/hinton/Insecta/GenusSpecies/Lanelater/bifoveatus/Lanelater-bifoveatus-2776305.jpg,bifoveatus
gs://bugoff-bucket1/hinton/Insecta/GenusSpecies/Lanelater/hayekae/Lanelater-hayekae-1889658.jpg,hayekae
gs://bugoff-bucket1/hinton/Insecta/GenusSpecies/Lanelater/mastersii/Lanelater-mastersii-5673902.jpg,mastersii
gs://bugoff-bucket1/hinton/Insecta/GenusSpecies/Limonius/aeger/Limonius-aeger-3957707.jpg,aeger
gs://bugoff-bucket1/hinton/Insecta/GenusSpecies/Limonius/aeneoniger/Limonius-aeneoniger-3870629.jpg,aeneoniger
gs://bugoff-bucket1/hinton/Insecta/GenusSpecies/Limonius/aurifer/Limonius-aurifer-1672143.jpg,aurifer
gs://bugoff-bucket1/hinton/Insecta/GenusSpecies/Limonius/griseus/Limonius-griseus-1026934.jpg,griseus
gs://bugoff-bucket1/hinton/Insecta/GenusSpecies/Limonius/griseus/Limonius-griseus-2098975.jpg,griseus
gs://bugoff-bucket1/hinton/Insecta/GenusSpecies/Limonius/griseus/Limonius-griseus-328939.jpg,griseus
gs://bugoff-bucket1/hinton/Insecta/GenusSpecies/Limonius/griseus/Limonius-griseus-5347244.jpg,griseus
gs://bugoff-bucket1/hinton/Insecta/GenusSpecies/Limonius/minutus/Limonius-minutus-7813688.jpg,minutus
gs://bugoff-bucket1/hinton/Insecta/GenusSpecies/Limonius/stigma/Limonius-stigma-329854.jpg,stigma
gs://bugoff-bucket1/hinton/Insecta/GenusSpecies/Liotrichus/volitans/Liotrichus-volitans-4366074.jpg,volitans
gs://bugoff-bucket1/hinton/Insecta/GenusSpecies/Liotrichus/volitans/Liotrichus-volitans-4508129.jpg,volitans
gs://bugoff-bucket1/hinton/Insecta/GenusSpecies/Megapenthes/elegans/Megapenthes-elegans-4256050.jpg,elegans
gs://bugoff-bucket1/hinton/Insecta/GenusSpecies/Megapenthes/limbalis/Megapenthes-limbalis-2272863.jpg,limbalis
gs://bugoff-bucket1/hinton/Insecta/GenusSpecies/Megapenthes/limbalis/Megapenthes-limbalis-2920466.jpg,limbalis
gs://bugoff-bucket1/hinton/Insecta/GenusSpecies/Megapenthes/limbalis/Megapenthes-limbalis-2954577.jpg,limbalis
gs://bugoff-bucket1/hinton/Insecta/GenusSpecies/Megapenthes/longicornis/Megapenthes-longicornis-1086009.jpg,longicornis
gs://bugoff-bucket1/hinton/Insecta/GenusSpecies/Megapenthes/longicornis/Megapenthes-longicornis-1285313.jpg,longicornis
gs://bugoff-bucket1/hinton/Insecta/GenusSpecies/Megapenthes/longicornis/Megapenthes-longicornis-5588796.jpg,longicornis
gs://bugoff-bucket1/hinton/Insecta/GenusSpecies/Megapenthes/longicornis/Megapenthes-longicornis-6107413.jpg,longicornis
gs://bugoff-bucket1/hinton/Insecta/GenusSpecies/Megapenthes/rufilabris/Megapenthes-rufilabris-1101444.jpg,rufilabris
gs://bugoff-bucket1/hinton/Insecta/GenusSpecies/Megapenthes/rufilabris/Megapenthes-rufilabris-2200844.jpg,rufilabris
gs://bugoff-bucket1/hinton/Insecta/GenusSpecies/Megapenthes/rufilabris/Megapenthes-rufilabris-4516465.jpg,rufilabris
gs://bugoff-bucket1/hinton/Insecta/GenusSpecies/Megapenthes/stigmosus/Megapenthes-stigmosus-2943504.jpg,stigmosus
gs://bugoff-bucket1/hinton/Insecta/GenusSpecies/Megapenthes/stigmosus/Megapenthes-stigmosus-5173780.jpg,stigmosus
gs://bugoff-bucket1/hinton/Insecta/GenusSpecies/Megapenthes/tartareus/Megapenthes-tartareus-392635.jpg,tartareus
gs://bugoff-bucket1/hinton/Insecta/GenusSpecies/Megapenthes/turbulentus/Megapenthes-turbulentus-3038568.jpg,turbulentus
gs://bugoff-bucket1/hinton/Insecta/GenusSpecies/Melanactes/densus/Melanactes-densus-128451.jpg,densus
gs://bugoff-bucket1/hinton/Insecta/GenusSpecies/Melanactes/densus/Melanactes-densus-3413559.jpg,densus
gs://bugoff-bucket1/hinton/Insecta/GenusSpecies/Melanactes/densus/Melanactes-densus-3425242.jpg,densus
gs://bugoff-bucket1/hinton/Insecta/GenusSpecies/Melanactes/densus/Melanactes-densus-4143508.jpg,densus
gs://bugoff-bucket1/hinton/Insecta/GenusSpecies/Melanactes/densus/Melanactes-densus-7039503.jpg,densus
gs://bugoff-bucket1/hinton/Insecta/GenusSpecies/Melanactes/densus/Melanactes-densus-7427930.jpg,densus
gs://bugoff-bucket1/hinton/Insecta/GenusSpecies/Melanactes/morio/Melanactes-morio-3499362.jpg,morio
gs://bugoff-bucket1/hinton/Insecta/GenusSpecies/Melanactes/piceus/Melanactes-piceus-4169100.jpg,piceus
gs://bugoff-bucket1/hinton/Insecta/GenusSpecies/Melanactes/piceus/Melanactes-piceus-7247368.jpg,piceus
gs://bugoff-bucket1/hinton/Insecta/GenusSpecies/Melanotus/americanus/Melanotus-americanus-5347246.jpg,americanus
gs://bugoff-bucket1/hinton/Insecta/GenusSpecies/Melanotus/communis/Melanotus-communis-2869040.jpg,communis
gs://bugoff-bucket1/hinton/Insecta/GenusSpecies/Melanotus/pertinax/Melanotus-pertinax-6284609.jpg,pertinax
gs://bugoff-bucket1/hinton/Insecta/GenusSpecies/Melanotus/punctolineatus/Melanotus-punctolineatus-3810970.jpg,punctolineatus
gs://bugoff-bucket1/hinton/Insecta/GenusSpecies/Melanotus/punctolineatus/Melanotus-punctolineatus-7919166.jpg,punctolineatus
gs://bugoff-bucket1/hinton/Insecta/GenusSpecies/Melanotus/similis/Melanotus-similis-7072823.jpg,similis
gs://bugoff-bucket1/hinton/Insecta/GenusSpecies/Melanotus/villosus/Melanotus-villosus-3720076.jpg,villosus
gs://bugoff-bucket1/hinton/Insecta/GenusSpecies/Melanotus/villosus/Melanotus-villosus-3820289.jpg,villosus
gs://bugoff-bucket1/hinton/Insecta/GenusSpecies/Melanotus/villosus/Melanotus-villosus-3869678.jpg,villosus
gs://bugoff-bucket1/hinton/Insecta/GenusSpecies/Melanotus/villosus/Melanotus-villosus-3879021.jpg,villosus
gs://bugoff-bucket1/hinton/Insecta/GenusSpecies/Nitidolimonius/resplendens/Nitidolimonius-resplendens-2000831.jpg,resplendens
gs://bugoff-bucket1/hinton/Insecta/GenusSpecies/Nitidolimonius/resplendens/Nitidolimonius-resplendens-3656550.jpg,resplendens
gs://bugoff-bucket1/hinton/Insecta/GenusSpecies/Nitidolimonius/resplendens/Nitidolimonius-resplendens-4127560.jpg,resplendens
gs://bugoff-bucket1/hinton/Insecta/GenusSpecies/Nitidolimonius/resplendens/Nitidolimonius-resplendens-4418373.jpg,resplendens
gs://bugoff-bucket1/hinton/Insecta/GenusSpecies/Nitidolimonius/resplendens/Nitidolimonius-resplendens-5265243.jpg,resplendens
gs://bugoff-bucket1/hinton/Insecta/GenusSpecies/Nitidolimonius/resplendens/Nitidolimonius-resplendens-7727018.jpg,resplendens
gs://bugoff-bucket1/hinton/Insecta/GenusSpecies/Oestodes/tenuicollis/Oestodes-tenuicollis-1889632.jpg,tenuicollis
gs://bugoff-bucket1/hinton/Insecta/GenusSpecies/Oestodes/tenuicollis/Oestodes-tenuicollis-2465186.jpg,tenuicollis
gs://bugoff-bucket1/hinton/Insecta/GenusSpecies/Oestodes/tenuicollis/Oestodes-tenuicollis-2666348.jpg,tenuicollis
gs://bugoff-bucket1/hinton/Insecta/GenusSpecies/Oestodes/tenuicollis/Oestodes-tenuicollis-6076728.jpg,tenuicollis
gs://bugoff-bucket1/hinton/Insecta/GenusSpecies/Orthostethus/infuscatus/Orthostethus-infuscatus-133632.jpg,infuscatus
gs://bugoff-bucket1/hinton/Insecta/GenusSpecies/Orthostethus/infuscatus/Orthostethus-infuscatus-158445.jpg,infuscatus
gs://bugoff-bucket1/hinton/Insecta/GenusSpecies/Orthostethus/infuscatus/Orthostethus-infuscatus-2083381.jpg,infuscatus
gs://bugoff-bucket1/hinton/Insecta/GenusSpecies/Orthostethus/infuscatus/Orthostethus-infuscatus-2372518.jpg,infuscatus
gs://bugoff-bucket1/hinton/Insecta/GenusSpecies/Orthostethus/infuscatus/Orthostethus-infuscatus-2982207.jpg,infuscatus
gs://bugoff-bucket1/hinton/Insecta/GenusSpecies/Orthostethus/infuscatus/Orthostethus-infuscatus-3889805.jpg,infuscatus
gs://bugoff-bucket1/hinton/Insecta/GenusSpecies/Orthostethus/infuscatus/Orthostethus-infuscatus-3913939.jpg,infuscatus
gs://bugoff-bucket1/hinton/Insecta/GenusSpecies/Orthostethus/infuscatus/Orthostethus-infuscatus-4118073.jpg,infuscatus
gs://bugoff-bucket1/hinton/Insecta/GenusSpecies/Orthostethus/infuscatus/Orthostethus-infuscatus-423687.jpg,infuscatus
gs://bugoff-bucket1/hinton/Insecta/GenusSpecies/Orthostethus/infuscatus/Orthostethus-infuscatus-5110669.jpg,infuscatus
gs://bugoff-bucket1/hinton/Insecta/GenusSpecies/Orthostethus/infuscatus/Orthostethus-infuscatus-6038875.jpg,infuscatus
gs://bugoff-bucket1/hinton/Insecta/GenusSpecies/Orthostethus/infuscatus/Orthostethus-infuscatus-6107410.jpg,infuscatus
gs://bugoff-bucket1/hinton/Insecta/GenusSpecies/Parallelostethus/attenuatus/Parallelostethus-attenuatus-2160585.jpg,attenuatus
gs://bugoff-bucket1/hinton/Insecta/GenusSpecies/Parallelostethus/attenuatus/Parallelostethus-attenuatus-4472357.jpg,attenuatus
gs://bugoff-bucket1/hinton/Insecta/GenusSpecies/Pherhimius/fascicularis/Pherhimius-fascicularis-2053760.jpg,fascicularis
gs://bugoff-bucket1/hinton/Insecta/GenusSpecies/Pherhimius/fascicularis/Pherhimius-fascicularis-2160897.jpg,fascicularis
gs://bugoff-bucket1/hinton/Insecta/GenusSpecies/Pherhimius/fascicularis/Pherhimius-fascicularis-3927553.jpg,fascicularis
gs://bugoff-bucket1/hinton/Insecta/GenusSpecies/Pherhimius/fascicularis/Pherhimius-fascicularis-423440.jpg,fascicularis
gs://bugoff-bucket1/hinton/Insecta/GenusSpecies/Pherhimius/fascicularis/Pherhimius-fascicularis-4488734.jpg,fascicularis
gs://bugoff-bucket1/hinton/Insecta/GenusSpecies/Pherhimius/fascicularis/Pherhimius-fascicularis-4488979.jpg,fascicularis
gs://bugoff-bucket1/hinton/Insecta/GenusSpecies/Pherhimius/fascicularis/Pherhimius-fascicularis-709464.jpg,fascicularis
gs://bugoff-bucket1/hinton/Insecta/GenusSpecies/Pityobius/anguinus/Pityobius-anguinus-2038935.jpg,anguinus
gs://bugoff-bucket1/hinton/Insecta/GenusSpecies/Pityobius/anguinus/Pityobius-anguinus-6838641.jpg,anguinus
gs://bugoff-bucket1/hinton/Insecta/GenusSpecies/Pityobius/anguinus/Pityobius-anguinus-6933678.jpg,anguinus
gs://bugoff-bucket1/hinton/Insecta/GenusSpecies/Prosternon/bombycinum/Prosternon-bombycinum-1893585.jpg,bombycinum
gs://bugoff-bucket1/hinton/Insecta/GenusSpecies/Prosternon/bombycinum/Prosternon-bombycinum-7818439.jpg,bombycinum
gs://bugoff-bucket1/hinton/Insecta/GenusSpecies/Prosternon/tessellatum/Prosternon-tessellatum-3868796.jpg,tessellatum
gs://bugoff-bucket1/hinton/Insecta/GenusSpecies/Prosternon/tessellatum/Prosternon-tessellatum-3941303.jpg,tessellatum
gs://bugoff-bucket1/hinton/Insecta/GenusSpecies/Prosternon/tessellatum/Prosternon-tessellatum-7437073.jpg,tessellatum
gs://bugoff-bucket1/hinton/Insecta/GenusSpecies/Prosternon/tessellatum/Prosternon-tessellatum-7799472.jpg,tessellatum
gs://bugoff-bucket1/hinton/Insecta/GenusSpecies/Prosternon/tessellatum/Prosternon-tessellatum-7965656.jpg,tessellatum
gs://bugoff-bucket1/hinton/Insecta/GenusSpecies/Pseudanostirus/californicus/Pseudanostirus-californicus-4140590.jpg,californicus
gs://bugoff-bucket1/hinton/Insecta/GenusSpecies/Pseudanostirus/hamatus/Pseudanostirus-hamatus-7142385.jpg,hamatus
gs://bugoff-bucket1/hinton/Insecta/GenusSpecies/Pseudanostirus/hieroglyphicus/Pseudanostirus-hieroglyphicus-5232067.jpg,hieroglyphicus
gs://bugoff-bucket1/hinton/Insecta/GenusSpecies/Pseudanostirus/nigricollis/Pseudanostirus-nigricollis-398170.jpg,nigricollis
gs://bugoff-bucket1/hinton/Insecta/GenusSpecies/Pseudanostirus/nigricollis/Pseudanostirus-nigricollis-416035.jpg,nigricollis
gs://bugoff-bucket1/hinton/Insecta/GenusSpecies/Pseudanostirus/nigricollis/Pseudanostirus-nigricollis-4345507.jpg,nigricollis
gs://bugoff-bucket1/hinton/Insecta/GenusSpecies/Pseudanostirus/propolus/Pseudanostirus-propolus-2250029.jpg,propolus
gs://bugoff-bucket1/hinton/Insecta/GenusSpecies/Pseudanostirus/propolus/Pseudanostirus-propolus-4103194.jpg,propolus
gs://bugoff-bucket1/hinton/Insecta/GenusSpecies/Pseudanostirus/tigrinus/Pseudanostirus-tigrinus-1864166.jpg,tigrinus
gs://bugoff-bucket1/hinton/Insecta/GenusSpecies/Pseudanostirus/tigrinus/Pseudanostirus-tigrinus-4140603.jpg,tigrinus
gs://bugoff-bucket1/hinton/Insecta/GenusSpecies/Pseudanostirus/triundulatus/Pseudanostirus-triundulatus-1945933.jpg,triundulatus
gs://bugoff-bucket1/hinton/Insecta/GenusSpecies/Pseudanostirus/triundulatus/Pseudanostirus-triundulatus-4054837.jpg,triundulatus
gs://bugoff-bucket1/hinton/Insecta/GenusSpecies/Pseudanostirus/triundulatus/Pseudanostirus-triundulatus-4219769.jpg,triundulatus
gs://bugoff-bucket1/hinton/Insecta/GenusSpecies/Pseudanostirus/triundulatus/Pseudanostirus-triundulatus-5265371.jpg,triundulatus
gs://bugoff-bucket1/hinton/Insecta/GenusSpecies/Scaptolenus/lecontei/Scaptolenus-lecontei-2599956.jpg,lecontei
gs://bugoff-bucket1/hinton/Insecta/GenusSpecies/Scaptolenus/lecontei/Scaptolenus-lecontei-5363212.jpg,lecontei
gs://bugoff-bucket1/hinton/Insecta/GenusSpecies/Selatosomus/aeneus/Selatosomus-aeneus-3710328.jpg,aeneus
gs://bugoff-bucket1/hinton/Insecta/GenusSpecies/Selatosomus/aeneus/Selatosomus-aeneus-4501884.jpg,aeneus
gs://bugoff-bucket1/hinton/Insecta/GenusSpecies/Selatosomus/aeneus/Selatosomus-aeneus-7596870.jpg,aeneus
gs://bugoff-bucket1/hinton/Insecta/GenusSpecies/Selatosomus/aeneus/Selatosomus-aeneus-7958675.jpg,aeneus
gs://bugoff-bucket1/hinton/Insecta/GenusSpecies/Selatosomus/confluens/Selatosomus-confluens-2293309.jpg,confluens
gs://bugoff-bucket1/hinton/Insecta/GenusSpecies/Selatosomus/cruciatus/Selatosomus-cruciatus-3936351.jpg,cruciatus
gs://bugoff-bucket1/hinton/Insecta/GenusSpecies/Selatosomus/edwardsi/Selatosomus-edwardsi-4129699.jpg,edwardsi
gs://bugoff-bucket1/hinton/Insecta/GenusSpecies/Selatosomus/edwardsi/Selatosomus-edwardsi-4773095.jpg,edwardsi
gs://bugoff-bucket1/hinton/Insecta/GenusSpecies/Selatosomus/edwardsi/Selatosomus-edwardsi-5972000.jpg,edwardsi
gs://bugoff-bucket1/hinton/Insecta/GenusSpecies/Selatosomus/festivus/Selatosomus-festivus-2203693.jpg,festivus
gs://bugoff-bucket1/hinton/Insecta/GenusSpecies/Selatosomus/festivus/Selatosomus-festivus-2250799.jpg,festivus
gs://bugoff-bucket1/hinton/Insecta/GenusSpecies/Selatosomus/festivus/Selatosomus-festivus-3601427.jpg,festivus
gs://bugoff-bucket1/hinton/Insecta/GenusSpecies/Selatosomus/festivus/Selatosomus-festivus-423299.jpg,festivus
gs://bugoff-bucket1/hinton/Insecta/GenusSpecies/Selatosomus/gravidus/Selatosomus-gravidus-4049631.jpg,gravidus
gs://bugoff-bucket1/hinton/Insecta/GenusSpecies/Selatosomus/gravidus/Selatosomus-gravidus-7876238.jpg,gravidus
gs://bugoff-bucket1/hinton/Insecta/GenusSpecies/Selatosomus/gravidus/Selatosomus-gravidus-7977392.jpg,gravidus
gs://bugoff-bucket1/hinton/Insecta/GenusSpecies/Selatosomus/pulcher/Selatosomus-pulcher-1893557.jpg,pulcher
gs://bugoff-bucket1/hinton/Insecta/GenusSpecies/Selatosomus/pulcher/Selatosomus-pulcher-2097583.jpg,pulcher
gs://bugoff-bucket1/hinton/Insecta/GenusSpecies/Selatosomus/pulcher/Selatosomus-pulcher-2199873.jpg,pulcher
gs://bugoff-bucket1/hinton/Insecta/GenusSpecies/Selatosomus/pulcher/Selatosomus-pulcher-3867861.jpg,pulcher
gs://bugoff-bucket1/hinton/Insecta/GenusSpecies/Selatosomus/pulcher/Selatosomus-pulcher-3883709.jpg,pulcher
gs://bugoff-bucket1/hinton/Insecta/GenusSpecies/Selatosomus/pulcher/Selatosomus-pulcher-4006096.jpg,pulcher
gs://bugoff-bucket1/hinton/Insecta/GenusSpecies/Selatosomus/pulcher/Selatosomus-pulcher-5817291.jpg,pulcher
gs://bugoff-bucket1/hinton/Insecta/GenusSpecies/Selatosomus/suckleyi/Selatosomus-suckleyi-124675.jpg,suckleyi
gs://bugoff-bucket1/hinton/Insecta/GenusSpecies/Selatosomus/suckleyi/Selatosomus-suckleyi-186288.jpg,suckleyi
gs://bugoff-bucket1/hinton/Insecta/GenusSpecies/Selatosomus/suckleyi/Selatosomus-suckleyi-2868045.jpg,suckleyi
gs://bugoff-bucket1/hinton/Insecta/GenusSpecies/Selatosomus/suckleyi/Selatosomus-suckleyi-2943539.jpg,suckleyi
gs://bugoff-bucket1/hinton/Insecta/GenusSpecies/Selatosomus/suckleyi/Selatosomus-suckleyi-7703953.jpg,suckleyi
gs://bugoff-bucket1/hinton/Insecta/GenusSpecies/Selatosomus/suckleyi/Selatosomus-suckleyi-7795632.jpg,suckleyi
gs://bugoff-bucket1/hinton/Insecta/GenusSpecies/Selatosomus/suckleyi/Selatosomus-suckleyi-7945845.jpg,suckleyi
gs://bugoff-bucket1/hinton/Insecta/GenusSpecies/Selatosomus/trivittatus/Selatosomus-trivittatus-2078912.jpg,trivittatus
gs://bugoff-bucket1/hinton/Insecta/GenusSpecies/Sericus/honestus/Sericus-honestus-6145973.jpg,honestus
gs://bugoff-bucket1/hinton/Insecta/GenusSpecies/Sylvanelater/cylindriformis/Sylvanelater-cylindriformis-3257185.jpg,cylindriformis
gs://bugoff-bucket1/hinton/Insecta/GenusSpecies/Sylvanelater/cylindriformis/Sylvanelater-cylindriformis-3655883.jpg,cylindriformis
gs://bugoff-bucket1/hinton/Insecta/GenusSpecies/Sylvanelater/cylindriformis/Sylvanelater-cylindriformis-3690721.jpg,cylindriformis
gs://bugoff-bucket1/hinton/Insecta/GenusSpecies/Sylvanelater/cylindriformis/Sylvanelater-cylindriformis-3731170.jpg,cylindriformis
gs://bugoff-bucket1/hinton/Insecta/GenusSpecies/Sylvanelater/cylindriformis/Sylvanelater-cylindriformis-6999033.jpg,cylindriformis
gs://bugoff-bucket1/hinton/Insecta/GenusSpecies/Sylvanelater/cylindriformis/Sylvanelater-cylindriformis-7152021.jpg,cylindriformis
gs://bugoff-bucket1/hinton/Insecta/GenusSpecies/Sylvanelater/cylindriformis/Sylvanelater-cylindriformis-7378046.jpg,cylindriformis
gs://bugoff-bucket1/hinton/Insecta/GenusSpecies/Sylvanelater/cylindriformis/Sylvanelater-cylindriformis-7498472.jpg,cylindriformis
gs://bugoff-bucket1/hinton/Insecta/GenusSpecies/Sylvanelater/cylindriformis/Sylvanelater-cylindriformis-7583156.jpg,cylindriformis
gs://bugoff-bucket1/hinton/Insecta/GenusSpecies/Sylvanelater/cylindriformis/Sylvanelater-cylindriformis-7723706.jpg,cylindriformis
